/*--------------------------------*- C++ -*----------------------------------*\
  =========                 |
  \\      /  F ield         | OpenFOAM: The Open Source CFD Toolbox
   \\    /   O peration     | Website:  https://openfoam.org
    \\  /    A nd           | Version:  8
     \\/     M anipulation  |
\*---------------------------------------------------------------------------*/
FoamFile
{
    version     2.0;
    format      binary;
    class       faceSet;
    location    "constant/polyMesh/sets";
    object      layerFaces;
}
// * * * * * * * * * * * * * * * * * * * * * * * * * * * * * * * * * * * * * //


11995
(
884736 
884737 
884738 
851970 
884739 
884740 
868356 
884741 
884742 
884743 
851975 
884745 
884747 
868363 
851980 
884749 
884751 
868367 
884753 
884755 
868371 
884757 
851989 
884759 
851992 
884761 
868378 
851995 
884764 
868381 
884766 
851998 
884768 
868384 
852001 
884770 
884772 
852004 
868389 
884774 
868390 
868391 
884776 
852009 
884778 
868394 
884780 
852012 
884782 
868399 
852015 
884784 
852018 
884787 
884788 
884789 
852021 
884790 
868406 
884791 
868407 
884792 
868408 
852024 
884793 
868409 
884794 
868410 
884795 
884796 
884797 
852029 
884799 
884801 
852034 
884803 
868420 
884805 
884807 
852039 
884810 
868427 
884812 
852044 
884814 
884816 
852049 
884818 
868434 
884820 
884822 
852054 
884825 
884826 
868442 
884827 
852059 
884828 
884829 
884830 
884831 
852064 
884833 
868449 
884836 
884838 
884840 
852073 
884843 
868459 
884844 
884845 
852077 
868464 
852080 
884849 
852083 
884852 
868469 
852086 
884855 
884857 
852089 
884859 
868477 
884862 
852094 
884863 
884864 
868480 
884865 
852097 
884868 
852100 
868485 
884870 
852103 
884873 
868490 
852106 
884876 
852109 
884878 
852112 
884881 
868497 
884882 
884883 
852115 
884884 
884885 
868503 
884888 
852120 
884890 
868507 
884892 
852125 
884895 
884897 
868513 
852130 
884899 
868516 
884901 
884903 
852135 
868521 
884906 
884907 
884908 
852140 
884909 
884910 
884911 
868527 
852145 
884914 
868531 
884916 
884918 
868534 
852150 
884921 
884923 
868539 
852155 
884925 
868541 
884927 
868544 
884929 
884932 
852164 
884933 
884934 
868550 
884935 
884936 
852168 
884937 
868554 
852171 
884940 
884942 
852174 
868559 
884944 
852177 
884946 
884948 
852180 
868565 
884951 
852183 
868568 
884954 
852186 
868571 
884956 
884958 
868575 
852191 
884960 
884962 
868578 
852194 
884965 
852197 
884966 
884967 
868583 
884968 
852200 
884969 
868585 
884970 
884971 
868587 
852203 
884972 
868590 
852206 
884975 
884977 
852209 
884979 
868595 
852212 
884981 
884983 
868600 
884985 
852217 
868603 
884988 
884990 
868606 
852223 
884992 
868609 
884994 
884996 
852228 
884998 
868614 
885000 
868617 
852233 
885002 
868620 
885005 
885006 
852238 
885007 
885008 
885009 
868625 
885010 
885011 
852243 
885012 
868628 
885013 
868630 
885015 
852248 
885017 
868633 
885019 
885021 
868637 
852253 
885023 
868640 
885025 
885027 
868643 
885029 
852262 
885032 
868648 
852265 
868650 
885035 
868652 
852268 
885037 
868654 
885039 
852271 
885041 
868657 
852274 
885043 
868660 
885045 
852277 
885047 
868663 
852280 
885050 
868666 
885051 
852283 
885052 
885053 
868669 
885054 
852286 
885055 
885056 
885057 
852289 
885058 
868674 
885059 
852292 
885061 
868677 
885063 
868680 
885065 
852297 
885067 
868683 
885069 
852301 
868686 
885071 
852304 
885073 
885075 
868691 
852307 
885077 
852310 
868695 
885080 
852313 
885082 
868698 
885084 
852316 
868701 
885086 
852319 
885088 
868704 
885090 
885092 
852324 
868709 
885094 
885096 
868712 
868714 
852330 
885099 
885100 
868716 
885101 
885102 
885103 
868719 
852335 
885104 
885105 
885106 
885107 
868723 
885108 
852340 
885110 
868726 
885112 
868729 
852345 
885114 
885116 
868732 
885118 
852350 
885120 
868737 
885122 
868739 
852355 
885124 
868741 
885126 
868743 
852360 
885129 
868745 
885131 
868748 
885133 
885135 
868751 
885137 
852369 
868754 
885139 
885141 
868757 
852373 
885143 
868760 
852376 
885145 
868763 
852379 
885148 
885149 
885150 
852382 
885151 
885152 
868768 
885153 
852385 
885154 
885155 
868771 
885156 
852388 
885157 
868774 
885159 
852391 
885161 
868777 
852394 
885163 
868780 
885165 
885167 
868783 
852399 
885170 
852403 
885172 
868788 
885174 
852406 
885176 
868792 
852409 
885178 
868795 
885180 
852412 
885182 
868798 
852415 
885185 
868801 
885186 
852418 
885187 
885188 
868804 
885189 
852421 
885190 
885191 
885193 
868809 
852426 
885196 
868812 
885198 
868814 
885200 
868816 
852432 
868818 
885203 
885204 
885205 
868821 
852437 
885207 
885209 
868825 
852442 
885211 
868828 
885214 
868831 
852447 
885217 
868834 
885219 
852452 
868837 
885222 
885223 
885224 
885225 
852457 
885226 
868842 
885228 
868844 
885230 
868846 
852462 
885232 
868848 
885234 
868850 
885236 
868852 
885239 
868855 
852471 
885241 
868858 
885243 
852475 
885245 
868861 
852478 
885247 
868864 
852481 
885250 
885251 
868867 
885252 
852484 
885253 
885254 
868870 
885255 
885257 
868873 
852489 
885259 
852492 
885261 
868878 
885263 
852495 
885265 
868881 
852498 
885268 
868884 
852501 
885270 
868887 
885272 
852504 
885274 
868890 
852507 
885276 
868893 
852510 
885279 
885280 
868896 
885281 
885282 
885283 
852515 
885284 
868901 
885286 
885288 
868905 
852521 
885290 
885292 
868908 
885294 
852526 
868911 
885297 
868914 
885299 
852531 
885301 
868917 
885303 
868920 
852536 
885305 
885308 
885309 
868925 
885310 
885311 
868927 
885312 
885313 
868929 
852545 
885315 
868931 
885317 
868933 
885319 
868935 
852551 
885321 
868937 
852554 
885323 
868939 
852557 
885326 
868942 
885328 
852560 
885330 
868946 
836178 
885332 
868949 
852565 
885334 
868952 
836184 
885337 
885338 
885339 
868955 
885340 
885341 
885342 
868958 
885344 
868961 
836193 
885346 
885348 
885350 
868966 
836199 
885352 
868969 
852586 
885355 
868971 
836204 
885357 
868973 
852589 
885359 
868975 
852592 
885361 
868977 
885363 
868979 
852595 
836213 
885366 
868982 
852598 
885367 
885368 
885369 
868985 
885370 
885371 
852603 
836219 
868988 
885373 
885375 
868991 
852607 
836224 
885377 
868994 
885379 
852612 
885381 
868997 
885384 
869000 
836233 
885386 
852618 
869003 
885388 
885390 
852623 
836239 
885392 
869008 
885395 
885396 
869012 
852628 
836244 
885397 
885398 
885399 
869015 
885400 
885402 
869018 
885404 
869021 
852637 
836253 
885406 
885408 
869024 
852641 
885410 
869027 
836259 
852644 
885413 
885415 
852647 
869032 
836264 
885417 
852650 
885419 
869035 
885421 
869038 
852655 
885424 
885425 
869041 
836273 
885426 
885427 
852659 
885428 
869044 
885429 
852662 
885431 
869047 
836279 
885433 
852665 
869050 
885435 
836284 
885437 
869053 
852670 
885439 
885442 
869058 
885444 
869060 
852676 
836293 
885446 
869062 
885448 
869064 
852681 
885450 
869067 
836299 
885453 
885454 
852686 
885455 
869071 
885456 
836304 
885457 
885458 
869074 
885460 
885462 
869079 
852695 
885464 
869081 
836313 
885466 
852698 
869083 
885468 
869085 
852701 
885471 
869087 
836319 
852704 
885473 
869089 
885475 
852707 
869092 
836324 
885477 
852710 
885479 
869095 
852713 
885482 
869098 
885483 
885484 
885485 
869101 
836333 
885486 
852718 
885487 
869104 
885490 
852722 
836339 
885493 
869109 
852725 
885495 
852728 
836344 
885497 
869113 
885500 
869116 
885501 
852733 
885502 
885505 
869121 
836353 
852739 
885508 
869124 
885509 
885511 
869127 
836359 
852744 
885514 
869130 
885517 
852749 
885518 
885520 
869136 
836368 
869138 
885523 
869141 
885526 
852758 
885527 
885529 
852761 
836378 
885532 
852764 
885535 
852767 
885536 
869153 
885538 
852770 
869155 
885541 
852773 
869158 
836390 
885544 
852776 
885545 
885547 
836396 
852781 
885550 
869166 
885553 
852785 
885554 
885556 
852788 
836405 
885559 
852791 
869176 
885562 
836410 
885563 
852796 
885565 
869183 
836415 
885568 
869185 
852802 
885571 
869187 
885572 
836420 
885574 
869190 
852807 
885577 
869193 
836425 
885580 
869196 
852812 
885581 
836430 
885583 
869199 
885586 
869204 
885589 
852821 
885590 
836439 
885592 
869208 
852824 
885595 
852827 
869212 
836444 
885598 
852830 
885599 
885601 
869217 
852833 
836449 
885604 
852836 
869221 
836454 
885607 
852839 
885608 
869224 
885610 
869227 
836459 
852844 
885613 
885616 
869232 
852848 
836464 
885619 
869235 
852851 
885621 
869238 
852854 
885624 
885625 
836473 
885626 
869243 
852859 
885629 
885630 
869246 
836478 
869248 
885633 
852865 
885634 
869250 
885635 
836483 
869252 
885638 
869254 
852870 
885639 
836488 
869257 
885642 
885643 
852875 
885645 
869261 
836493 
885648 
869264 
885649 
836498 
869267 
852884 
869270 
852887 
869273 
852890 
836507 
869276 
852893 
852896 
836512 
869281 
852899 
869284 
836517 
869286 
852902 
869288 
869290 
836522 
852907 
869293 
852911 
836527 
869297 
852914 
869300 
836532 
852917 
869303 
836537 
869306 
852922 
869309 
852928 
869314 
836546 
869317 
852933 
836551 
869320 
852938 
869323 
836556 
869326 
869329 
836561 
852947 
869332 
852950 
836566 
869335 
852953 
836571 
869340 
852956 
869343 
852959 
836576 
869346 
852962 
869349 
852965 
869352 
836585 
852970 
869355 
869358 
852974 
836591 
852977 
869363 
852980 
836596 
869366 
869368 
852985 
836601 
869370 
869372 
869374 
836606 
852991 
869376 
869379 
836611 
852996 
869383 
836616 
853001 
869386 
869389 
869392 
836625 
853010 
869395 
853013 
869398 
836631 
853016 
869401 
853019 
836636 
869406 
853022 
869408 
853025 
836641 
869410 
869412 
853028 
869414 
836646 
869416 
853033 
869418 
836651 
869420 
853037 
869423 
853040 
836656 
869426 
853043 
869429 
869432 
853048 
836665 
869435 
869438 
853054 
836671 
869441 
853059 
869444 
836676 
869447 
853064 
836681 
869452 
836686 
869455 
853073 
869458 
836691 
853076 
869461 
853079 
869464 
853082 
869467 
836700 
853085 
869470 
853088 
869473 
836706 
853091 
869476 
836711 
853096 
869481 
853100 
836716 
869485 
853103 
869488 
836721 
853106 
869491 
869494 
853111 
869497 
836730 
869500 
853117 
869503 
836736 
869506 
853122 
836741 
869511 
853127 
869514 
869516 
869518 
836750 
869520 
853136 
869522 
836755 
869524 
853140 
869526 
853143 
869529 
853146 
869532 
836764 
853149 
869535 
869538 
853154 
836770 
869541 
853158 
869544 
853161 
869547 
836779 
853164 
869550 
869553 
853169 
836785 
869558 
853175 
869560 
869562 
836794 
869564 
853180 
869566 
869568 
836800 
853185 
869570 
869572 
836805 
869574 
869577 
853194 
869580 
836814 
869583 
853201 
869586 
853204 
836820 
869589 
853207 
869592 
836825 
853210 
869595 
869598 
836830 
853215 
869601 
869604 
853221 
836839 
869609 
853226 
869613 
836845 
869616 
836850 
869619 
853235 
869622 
853238 
836855 
869625 
853243 
869628 
836860 
869631 
869634 
836869 
869639 
853256 
869642 
836875 
869645 
853263 
869648 
836880 
869651 
836885 
869654 
853271 
869657 
853274 
836890 
869660 
853277 
869663 
836895 
869666 
869671 
836904 
869673 
853289 
869675 
853292 
869677 
836909 
869679 
853295 
869681 
836914 
869683 
869685 
836919 
869688 
853307 
869692 
836924 
853310 
869695 
853313 
836929 
869698 
869701 
836934 
869704 
869707 
853325 
836943 
869712 
853328 
869714 
853331 
869716 
836948 
869718 
869720 
836953 
869722 
869724 
869726 
836958 
853343 
869729 
853346 
836963 
869733 
853349 
869736 
836968 
869739 
836973 
869742 
869745 
853361 
836978 
869748 
853364 
853367 
836983 
869753 
869757 
869760 
836992 
869763 
853379 
869766 
853382 
836998 
869769 
853385 
837003 
869772 
837008 
869777 
869781 
853397 
837013 
869784 
853400 
837018 
869787 
853403 
869790 
837023 
869793 
869796 
853415 
837032 
869801 
853418 
869803 
869805 
853421 
837038 
869807 
869810 
837043 
869814 
869817 
853433 
853436 
837052 
869822 
853439 
869824 
869826 
869828 
869830 
869832 
869835 
853451 
837067 
869838 
853454 
869841 
853457 
869844 
837077 
869847 
837083 
869852 
853469 
869856 
869859 
837092 
869864 
837097 
869867 
869870 
837102 
869873 
869879 
837111 
869881 
869884 
853500 
837116 
837121 
837126 
853514 
837131 
869902 
853524 
837140 
869912 
837146 
869919 
837151 
853537 
837156 
869926 
837161 
869931 
853547 
869934 
837166 
869939 
837171 
837176 
869945 
869947 
853563 
869949 
869952 
837185 
869955 
869958 
837191 
869961 
837196 
869966 
869968 
837201 
869971 
869974 
837206 
869977 
837211 
869982 
837216 
869986 
869989 
869992 
837225 
869997 
837231 
870001 
853617 
870004 
837236 
870009 
870011 
870013 
837245 
870015 
853632 
870017 
870019 
870021 
870024 
870027 
837259 
870030 
870033 
853649 
870036 
837268 
870039 
870042 
837274 
853660 
870045 
837279 
870050 
837284 
870053 
870055 
870057 
853673 
870059 
837293 
870062 
853679 
870066 
837299 
870069 
870072 
853688 
837304 
870075 
837309 
870078 
853698 
837314 
870083 
870087 
853703 
870090 
853706 
837323 
870093 
870096 
837329 
870099 
853715 
870102 
837334 
870105 
837339 
853724 
870110 
837344 
870113 
870116 
870119 
837353 
870122 
870125 
853742 
837359 
870128 
853747 
837364 
870133 
870136 
837369 
870138 
870140 
870142 
837374 
870144 
870146 
853762 
870148 
870150 
837383 
870152 
853768 
870155 
853773 
837389 
870159 
870162 
870165 
853783 
870168 
870171 
853789 
870174 
837408 
870177 
870180 
853798 
870183 
853801 
870186 
837419 
853806 
870191 
870194 
853811 
870196 
870198 
870200 
837432 
870202 
853818 
870204 
870206 
870208 
853825 
870211 
870215 
870218 
870221 
853839 
837455 
870224 
870227 
870230 
853847 
870233 
837465 
870236 
837470 
870239 
853856 
853859 
870244 
870247 
837479 
853865 
870250 
870253 
870256 
837489 
870259 
870262 
870265 
870268 
870271 
853887 
870274 
837508 
870277 
870282 
870285 
870288 
870291 
853909 
870294 
870297 
837531 
870300 
870303 
870306 
853923 
870309 
870312 
853930 
870317 
870319 
837552 
870321 
870323 
853939 
870325 
870327 
870329 
837562 
870331 
870333 
870335 
853951 
870338 
837572 
870342 
870345 
837578 
870348 
870351 
837583 
870354 
853972 
870357 
870360 
837592 
853977 
870363 
837597 
870368 
870370 
853986 
837602 
870372 
870374 
837607 
870376 
870378 
853995 
870380 
837612 
870382 
870384 
837617 
870386 
870388 
854004 
870390 
870393 
837626 
870396 
854012 
870399 
837632 
870402 
854020 
870405 
870408 
870411 
854029 
870414 
870417 
870420 
854037 
870423 
837655 
870428 
854046 
870432 
870435 
870438 
854054 
870441 
870444 
870447 
854063 
870450 
870453 
854070 
870458 
870461 
854078 
870464 
837696 
870467 
854085 
870470 
870473 
837705 
870476 
870479 
870482 
854098 
837714 
870485 
837719 
870490 
870492 
854109 
870494 
870496 
837728 
870498 
870500 
854117 
837734 
870503 
870507 
870510 
854126 
837743 
870513 
870516 
837748 
854134 
870521 
837753 
870523 
870525 
837758 
870527 
854143 
870529 
870531 
837763 
870533 
870535 
854151 
837768 
870538 
870541 
870544 
837777 
870547 
870550 
837783 
870553 
870556 
854174 
837792 
870561 
870565 
837798 
870568 
870571 
837804 
870574 
854190 
870579 
870582 
854198 
837815 
870585 
870588 
854204 
870591 
870594 
837828 
854213 
870599 
854216 
870601 
870603 
854220 
870605 
870608 
854225 
870612 
870615 
854231 
870620 
837852 
854237 
870622 
870624 
870626 
870629 
854246 
837862 
870633 
854249 
870636 
854252 
837868 
870641 
837873 
854260 
870645 
870648 
837882 
854268 
870653 
837887 
870657 
854273 
870660 
837892 
854280 
870665 
854281 
837897 
854285 
837902 
870671 
870673 
854290 
870675 
870678 
837911 
854296 
870681 
837917 
854302 
870688 
837922 
870693 
854311 
837927 
854314 
854317 
837936 
854325 
837942 
870717 
854333 
854338 
870723 
870728 
854345 
854346 
870731 
837963 
854350 
870739 
854355 
837972 
870742 
870745 
854361 
837977 
870750 
854367 
870755 
870759 
854376 
854379 
870764 
854382 
870768 
838000 
870772 
838006 
870777 
870781 
854398 
838015 
870785 
838021 
870790 
854408 
870793 
838026 
870796 
838031 
870801 
870804 
854420 
870807 
838040 
870812 
854428 
838045 
870815 
870818 
854434 
838050 
870822 
870825 
854443 
870830 
854446 
838063 
870833 
854449 
870835 
870838 
870842 
854459 
870845 
838077 
870848 
838084 
870853 
854470 
870856 
854474 
838090 
870859 
870862 
870867 
854485 
838101 
870870 
870873 
870876 
838108 
870879 
854498 
838114 
870884 
870887 
838120 
870889 
870891 
870894 
854510 
870898 
838131 
870901 
854517 
870904 
838136 
870907 
854525 
838141 
870912 
870914 
838146 
870916 
854533 
870918 
870921 
854537 
838155 
870924 
854542 
870927 
838160 
870930 
870933 
854549 
838165 
870938 
838170 
870941 
854559 
870944 
854562 
870947 
838179 
870950 
854566 
838184 
870953 
838189 
870958 
870962 
838194 
870965 
854583 
870968 
870971 
838203 
854588 
870976 
854593 
838209 
870978 
870980 
870982 
838214 
870984 
870986 
854602 
870988 
870991 
838223 
854609 
870994 
838228 
870997 
854613 
871000 
838233 
854618 
871003 
871006 
854623 
871009 
838242 
871012 
854630 
871017 
838249 
871019 
871021 
871023 
854640 
871025 
838258 
871027 
854644 
871030 
838264 
871033 
854649 
871036 
854652 
871039 
838273 
871042 
871045 
854662 
838279 
871048 
854668 
871053 
838288 
871057 
871060 
854677 
838294 
871063 
854680 
871066 
871069 
854685 
838303 
871072 
871075 
838309 
871080 
838314 
871084 
871087 
871090 
854706 
838323 
871093 
871096 
838328 
871099 
854717 
838333 
871104 
871106 
838338 
854723 
871108 
871110 
838343 
871112 
871114 
871116 
871118 
854735 
871120 
838352 
871122 
871124 
838358 
871127 
871130 
838363 
871133 
871136 
854752 
838368 
871139 
854757 
871142 
871145 
838377 
871148 
854765 
871151 
838384 
854769 
871154 
871157 
871160 
854776 
838393 
854778 
871165 
854781 
838399 
871168 
871170 
871172 
871174 
871176 
838408 
871178 
871180 
838413 
871182 
871185 
871189 
854806 
838422 
871192 
871195 
871198 
838431 
871201 
854819 
871204 
871207 
854823 
838441 
871210 
871213 
871218 
838450 
854835 
871221 
871224 
854841 
871227 
871230 
871233 
838465 
871236 
854854 
838470 
871239 
871242 
854859 
871245 
838479 
871248 
871251 
838484 
854871 
871256 
838489 
871259 
854877 
871262 
838494 
871265 
871268 
871271 
854889 
871274 
871277 
871280 
871283 
838515 
854900 
871286 
871291 
871293 
838526 
871295 
871297 
871299 
838532 
871301 
871303 
871305 
838537 
871307 
854924 
871309 
871312 
838546 
871316 
871319 
838551 
871322 
854939 
838556 
871325 
871328 
838561 
871331 
871334 
838566 
854951 
871337 
871342 
838575 
871344 
871346 
871348 
838581 
871350 
871352 
871354 
838586 
871356 
871358 
854974 
871360 
871362 
838595 
871364 
871367 
838601 
871370 
871373 
854989 
871376 
838610 
871379 
871382 
854999 
838616 
871385 
871388 
871391 
838625 
871394 
871397 
855013 
838631 
871402 
855021 
871406 
838640 
871409 
871412 
838645 
871415 
871418 
838650 
855035 
871421 
871424 
871427 
838659 
855047 
871432 
838664 
871435 
838669 
871438 
871441 
855058 
871444 
838678 
871447 
855064 
871450 
838683 
871453 
855071 
871456 
838688 
871459 
871464 
855081 
838697 
871466 
871468 
871470 
838703 
871472 
871474 
838708 
871477 
871481 
871484 
838717 
871487 
871490 
855106 
838722 
871495 
838727 
871497 
871499 
855115 
838732 
871501 
871503 
871505 
855122 
871507 
871509 
838741 
871512 
838746 
871515 
855131 
871518 
838751 
871521 
871524 
838756 
871527 
871530 
855147 
838765 
871535 
871539 
838771 
871542 
855160 
838776 
871545 
871548 
838781 
871553 
871556 
838790 
871559 
871562 
838795 
871565 
871568 
855184 
838800 
871573 
838805 
871575 
871578 
838814 
871584 
871586 
838819 
871588 
871590 
855206 
838824 
871593 
871596 
838829 
871599 
855218 
871604 
838838 
871610 
838843 
871613 
838848 
871618 
838857 
871626 
871630 
838863 
871634 
855253 
871639 
838872 
871642 
855258 
871645 
855264 
871649 
871652 
871657 
871660 
838894 
871663 
838899 
871668 
871671 
838904 
871674 
871677 
838909 
871682 
871685 
838918 
871688 
855307 
871692 
871695 
855312 
838928 
871700 
855317 
871702 
838934 
871704 
871707 
838940 
871710 
855327 
871713 
855330 
838946 
871716 
855335 
871721 
871724 
838957 
855342 
871727 
871730 
855347 
838965 
871735 
855351 
871739 
838971 
871742 
855359 
871745 
855362 
871750 
838982 
855367 
871753 
871755 
871758 
855374 
871762 
855379 
838996 
871765 
855383 
871768 
871773 
839005 
855391 
871776 
871778 
855394 
871780 
871783 
855399 
839015 
871787 
871790 
855406 
871793 
839025 
855411 
871796 
855415 
871801 
871804 
839036 
871807 
855423 
871810 
855426 
839043 
871813 
855431 
871818 
839052 
871821 
855438 
871824 
839058 
871827 
855443 
871830 
855447 
839063 
871833 
839068 
871838 
855455 
871841 
855458 
871843 
839077 
871846 
855463 
871850 
839083 
871853 
855470 
871856 
839088 
855475 
871861 
839093 
871863 
855479 
871865 
871867 
871869 
839102 
855487 
871872 
855490 
871875 
839109 
871878 
855495 
871881 
871884 
855502 
839118 
871887 
855507 
871892 
839124 
871895 
855511 
871898 
871901 
839133 
855519 
871904 
855522 
839139 
871909 
855527 
871913 
871916 
839148 
855534 
871919 
839153 
871922 
855539 
871925 
855543 
871930 
839162 
871933 
871935 
855551 
871937 
855554 
871939 
871942 
855559 
871946 
871949 
855566 
871952 
839184 
871955 
855571 
871958 
855575 
839194 
871963 
855580 
871966 
855583 
871968 
871970 
871972 
839205 
871975 
839210 
871979 
871982 
839215 
871985 
855603 
871988 
839220 
871991 
855607 
871996 
855612 
839229 
871999 
855616 
872002 
855620 
872005 
872008 
872011 
855627 
872014 
839246 
855631 
855634 
872019 
872022 
839254 
855639 
872025 
872028 
855644 
872031 
855648 
839265 
872034 
855652 
872037 
839271 
872042 
855659 
872045 
839277 
872047 
855663 
872049 
855666 
872051 
839283 
872053 
855671 
872056 
872060 
855676 
839294 
872063 
855680 
872066 
855684 
839300 
872069 
872072 
839306 
872075 
855691 
855695 
872080 
839312 
855698 
872083 
872085 
872087 
855703 
872089 
872091 
839323 
855708 
872093 
872096 
855712 
839329 
872099 
855716 
872102 
872105 
855723 
872108 
872111 
855727 
872114 
855730 
839348 
872117 
855735 
872122 
855740 
872125 
872128 
855744 
872131 
839363 
855748 
872134 
872137 
855755 
872140 
872143 
855759 
855762 
872148 
872151 
855767 
839384 
872154 
855772 
872157 
872160 
855776 
839393 
872163 
855780 
872166 
839398 
872169 
855787 
839403 
872174 
855791 
872177 
855794 
872179 
839412 
872181 
872183 
855799 
872185 
872187 
839419 
855804 
872189 
872192 
855808 
839424 
872195 
855812 
839429 
872198 
872201 
855819 
872204 
839438 
872207 
855823 
872210 
855826 
839444 
872213 
855831 
872216 
839449 
855836 
872221 
839454 
872223 
855840 
872225 
872227 
839459 
855844 
872229 
872231 
872233 
872235 
855851 
839468 
872238 
855855 
872241 
855858 
839475 
872244 
872247 
855863 
839480 
872250 
855868 
872253 
872256 
855872 
872259 
855876 
872264 
872267 
855883 
872270 
872273 
855889 
872276 
872279 
855895 
839513 
872282 
872285 
855902 
872288 
855908 
872293 
872297 
855913 
872300 
872303 
855920 
872306 
839540 
872309 
855926 
872312 
839545 
855930 
872315 
872320 
872322 
839554 
872324 
872326 
855942 
872328 
872330 
855946 
872332 
872334 
855951 
872336 
872338 
872340 
855956 
872343 
839575 
855960 
872346 
872349 
855967 
872352 
839585 
872355 
855971 
872358 
855975 
839591 
872361 
855979 
872364 
872367 
855983 
839600 
872370 
855987 
839605 
872375 
872377 
855994 
839610 
872379 
872381 
855998 
872383 
872385 
856002 
872387 
839619 
872389 
856006 
872391 
839624 
872394 
856010 
839629 
872398 
872401 
856017 
839634 
872404 
856021 
872407 
856025 
872410 
839643 
872413 
856029 
872416 
839648 
856033 
872421 
856037 
839653 
872424 
839658 
872427 
856044 
872430 
839663 
856048 
872433 
872436 
856052 
872439 
856056 
839672 
872442 
856060 
872445 
839677 
872450 
839682 
856067 
872454 
856071 
839687 
872457 
856075 
872460 
839692 
872463 
856079 
839697 
872466 
856083 
872469 
839702 
856087 
872472 
872477 
856094 
872479 
839711 
872481 
856098 
872483 
872485 
839717 
856102 
872487 
872489 
856106 
839722 
872491 
872493 
856110 
872495 
839727 
872498 
839732 
856117 
872502 
872505 
856121 
839737 
872508 
856125 
872511 
856129 
872514 
839746 
872517 
856133 
872520 
839752 
856137 
872523 
856141 
872528 
839761 
872530 
872532 
856148 
872534 
872536 
856152 
872538 
872540 
856156 
872542 
872544 
856160 
839776 
872547 
856164 
872551 
856168 
872554 
856172 
872557 
839789 
872560 
872563 
856179 
872566 
856183 
872569 
839801 
856187 
872574 
856191 
839807 
872577 
856195 
872580 
872583 
856199 
872586 
856203 
872589 
872592 
856210 
872595 
872598 
856214 
856218 
839834 
872603 
856222 
872607 
872610 
856226 
839844 
872613 
856230 
872616 
856234 
872619 
872622 
839854 
872625 
856241 
872630 
856246 
872632 
839864 
872634 
856250 
872636 
872638 
856254 
872640 
856258 
839874 
872643 
856262 
872647 
839880 
872650 
856266 
872653 
872656 
856273 
839889 
872661 
856277 
872663 
839896 
872665 
856281 
872667 
872669 
856285 
872671 
872673 
856289 
839905 
872675 
856293 
872678 
872681 
856297 
872684 
856301 
872687 
839921 
872690 
856308 
872693 
872696 
856313 
839932 
872701 
856317 
872705 
856321 
839937 
872708 
856325 
872711 
856329 
872714 
839946 
856333 
872719 
839951 
872722 
856340 
839956 
872725 
872728 
856344 
872731 
856348 
839965 
872734 
856352 
839970 
872739 
856356 
872741 
839975 
872744 
856360 
856364 
872750 
872752 
856368 
839984 
872754 
872756 
839989 
872759 
856375 
872762 
839994 
856380 
872765 
856384 
872770 
840003 
856388 
872776 
856392 
840008 
872779 
840013 
856399 
872786 
872788 
856405 
872790 
840022 
872792 
856409 
872795 
856413 
872798 
872801 
856417 
840033 
872804 
856421 
872807 
840043 
872812 
856428 
872815 
856433 
872818 
856437 
872822 
840056 
872825 
856441 
856445 
872830 
872833 
840065 
872836 
856452 
872839 
856457 
872842 
840076 
856461 
872847 
856465 
872850 
840082 
872853 
856469 
872856 
856473 
840091 
872861 
872864 
856480 
840097 
872866 
872868 
856484 
872870 
872873 
840106 
856491 
872876 
872879 
840111 
856496 
872882 
856500 
840116 
872885 
872888 
856507 
872893 
840125 
856510 
872895 
872897 
840130 
872899 
856515 
872901 
840135 
872904 
856520 
872908 
872911 
856527 
840144 
872914 
856532 
840150 
872919 
872922 
856539 
872925 
840159 
872928 
856546 
872931 
856551 
872936 
872940 
856558 
872943 
840177 
872946 
856565 
872951 
872953 
856569 
840186 
872955 
872957 
856573 
872959 
872961 
856577 
872964 
840196 
872967 
856584 
872970 
856588 
872973 
840207 
872976 
856592 
872979 
856599 
872984 
872986 
872988 
856604 
872990 
872992 
856608 
872995 
856612 
840228 
872999 
873002 
856619 
873005 
840238 
856623 
873010 
856627 
873013 
873016 
856634 
873019 
840252 
873022 
856638 
856642 
873027 
856646 
873031 
840265 
873034 
856650 
873037 
856654 
873042 
873044 
840276 
856661 
873046 
873048 
856665 
873050 
840282 
873052 
856669 
873054 
840287 
873057 
856673 
873060 
840292 
856677 
873063 
840297 
873066 
856684 
873069 
873072 
856689 
840306 
873077 
856693 
873079 
840311 
873081 
856697 
873083 
840316 
873085 
856701 
873088 
856705 
840321 
873092 
840326 
873095 
856712 
873098 
840331 
856716 
873103 
856720 
840336 
873106 
856724 
873109 
873112 
856728 
840345 
873115 
840350 
856735 
873120 
840355 
873124 
856741 
873127 
840360 
856745 
873130 
856749 
840365 
873135 
873137 
856753 
840370 
873139 
873141 
856757 
873143 
840375 
873145 
856761 
873147 
840380 
873150 
856768 
873153 
873156 
856773 
840389 
873159 
856777 
873162 
840394 
873165 
856781 
840399 
856785 
873170 
873172 
840404 
856789 
873174 
873176 
840409 
873178 
856796 
873181 
840414 
856800 
873185 
840419 
873188 
856804 
873191 
856808 
840424 
873196 
856812 
840429 
873199 
856816 
873202 
856820 
873205 
840438 
873208 
856824 
856828 
840444 
873213 
873217 
840449 
856835 
873220 
840454 
873223 
856840 
840459 
873228 
856844 
873230 
873232 
856848 
840464 
873234 
873236 
856852 
873238 
873240 
856856 
840473 
873243 
856860 
873246 
840479 
856864 
873249 
873252 
873255 
856871 
840488 
873258 
856875 
873263 
856879 
873265 
840498 
873267 
856883 
873269 
873271 
856887 
840504 
873274 
856891 
840509 
873278 
873281 
856898 
840514 
873284 
856903 
840519 
873289 
856907 
873292 
873295 
856911 
840528 
873298 
856915 
873301 
840534 
856919 
873306 
856923 
840539 
873310 
840544 
873313 
856930 
873316 
840549 
856934 
873321 
840554 
873323 
873325 
856941 
873327 
840559 
873329 
856946 
873331 
840564 
873333 
856950 
873336 
840569 
873339 
873342 
873345 
840578 
873348 
873351 
840583 
856969 
873356 
840588 
856973 
873358 
873360 
840593 
873362 
873364 
856980 
840598 
873367 
873371 
856987 
840603 
873374 
856992 
840608 
873377 
840613 
873382 
856999 
873385 
840618 
873388 
857006 
873391 
840623 
873394 
857012 
840628 
873399 
857016 
873403 
840637 
873406 
857023 
873409 
840643 
857028 
873414 
873416 
840648 
873418 
857035 
873420 
840653 
873422 
873424 
857041 
873426 
840658 
873429 
857045 
840663 
873432 
857049 
873435 
840668 
857053 
873438 
873441 
840673 
873444 
857060 
873449 
857065 
840682 
873451 
873453 
857069 
873455 
840687 
873457 
857073 
873460 
840692 
873464 
857080 
840697 
873467 
857084 
873470 
840702 
857088 
873475 
840707 
857092 
873478 
857096 
873481 
873484 
857100 
840716 
873487 
857104 
840722 
873492 
857108 
873496 
857112 
873499 
873502 
857119 
840737 
873507 
857123 
873509 
873511 
857127 
873513 
840746 
873515 
857131 
873517 
873519 
857135 
840752 
873522 
857139 
873525 
857143 
873528 
840761 
873531 
857147 
873534 
840767 
873537 
857154 
840772 
873542 
857158 
873544 
873546 
857162 
873548 
840781 
873550 
857166 
873553 
857170 
840787 
873557 
857174 
873560 
840792 
873563 
857181 
840797 
873568 
857186 
840802 
873571 
873574 
857190 
873577 
857194 
840811 
873580 
857198 
873585 
840817 
857202 
873589 
857206 
840822 
873592 
873595 
840827 
857213 
873600 
840832 
873602 
857218 
873604 
840837 
873606 
873608 
857225 
873610 
840842 
873613 
857231 
840847 
873617 
857235 
873620 
840852 
873623 
873626 
857242 
840861 
873631 
873633 
857249 
840866 
873635 
873637 
857253 
873639 
840871 
873642 
840876 
873646 
857263 
873649 
840881 
873652 
840886 
873657 
840891 
873660 
857276 
873663 
857280 
840896 
873666 
857284 
873669 
840901 
857288 
873674 
840906 
857292 
873678 
840911 
873681 
857299 
873684 
840916 
857303 
873689 
873691 
857307 
840925 
873694 
857311 
873698 
840931 
857318 
873703 
840936 
873705 
873707 
857323 
873709 
840941 
857327 
873712 
840946 
873715 
857331 
873718 
857335 
840951 
873721 
840956 
873726 
857342 
873729 
840961 
857346 
873732 
857350 
873737 
857354 
840970 
873740 
873743 
840976 
857361 
873746 
840981 
857367 
840986 
873755 
857371 
873757 
857375 
873760 
873763 
857379 
840995 
873768 
841001 
857386 
873773 
857391 
873776 
841010 
857395 
873781 
857399 
873785 
873787 
841020 
873789 
857406 
873792 
841025 
857410 
873795 
857414 
873800 
857418 
841034 
873806 
857422 
841040 
873813 
857429 
841045 
873815 
873817 
857433 
873820 
857437 
841054 
873823 
857441 
873828 
841060 
857445 
857449 
841065 
873834 
857456 
873841 
841074 
873843 
873845 
857463 
841079 
873848 
873851 
857468 
841084 
873856 
841089 
857475 
873862 
841094 
857482 
873869 
873871 
841103 
873873 
873876 
841109 
873879 
857495 
841114 
873884 
841119 
857505 
873890 
841124 
873897 
841129 
873899 
873901 
857517 
873904 
841138 
873907 
873912 
857528 
841144 
841149 
873918 
841154 
873925 
857541 
873927 
841159 
873929 
873932 
841164 
873935 
857553 
841169 
873940 
873946 
841178 
857566 
841184 
873953 
873955 
857572 
873957 
841189 
873960 
857576 
841194 
873963 
857583 
841199 
873968 
857588 
841204 
873974 
841209 
857595 
873981 
841214 
873983 
857599 
873985 
857603 
841219 
873988 
873991 
857607 
857611 
873996 
841228 
874002 
857618 
841234 
857622 
841239 
874009 
857626 
874011 
841244 
874013 
857630 
874016 
841249 
857634 
874019 
857638 
841254 
874024 
841259 
857645 
874030 
841264 
857652 
874037 
841269 
874039 
874041 
857657 
841274 
874044 
874047 
841279 
857665 
874052 
841288 
874058 
841294 
857680 
874065 
874067 
841299 
874069 
857685 
874072 
857688 
841304 
874075 
857692 
841309 
874080 
857696 
841314 
857700 
874086 
841319 
857707 
841324 
874093 
874095 
857711 
874098 
857715 
841333 
874104 
857722 
841339 
857724 
874110 
857726 
841344 
857729 
857731 
857733 
841349 
857736 
857740 
874125 
874128 
857744 
841362 
857748 
874133 
841368 
857755 
874143 
857760 
874145 
841377 
874148 
857764 
841383 
857771 
841388 
857773 
857775 
874160 
841393 
857778 
857780 
874166 
857782 
841398 
857784 
874170 
857787 
874174 
857791 
841407 
857795 
841412 
874181 
874183 
857799 
841417 
874186 
874188 
857806 
841422 
874193 
857811 
841427 
874196 
874197 
857815 
841432 
874202 
857822 
857824 
841441 
874210 
857826 
874213 
857829 
841446 
857831 
857833 
874218 
857835 
841451 
874220 
857838 
874223 
874224 
841456 
857844 
841461 
841466 
857851 
874237 
841471 
857856 
874243 
857861 
874248 
841480 
874249 
874252 
841485 
857870 
874255 
857873 
874258 
841490 
857876 
874263 
841495 
857881 
857883 
841500 
874269 
857885 
857889 
841505 
874274 
841510 
874283 
857899 
874285 
874287 
841519 
874290 
874292 
857908 
841525 
874294 
874296 
841530 
857915 
874300 
841535 
874305 
857922 
841540 
874310 
857926 
841545 
874315 
857933 
874318 
841550 
857937 
874324 
874327 
841559 
857944 
874330 
857949 
841565 
874335 
857953 
841570 
874339 
841575 
874344 
857960 
874345 
874346 
874347 
874348 
841580 
874349 
857965 
841585 
857972 
874357 
841590 
857976 
874362 
857980 
874367 
841599 
857984 
857988 
841605 
874376 
841610 
857995 
874380 
857999 
841615 
874387 
858003 
841620 
874391 
858007 
841625 
858011 
874396 
841630 
858015 
874400 
858022 
874407 
841639 
874411 
858029 
841645 
874418 
858034 
841650 
841655 
858041 
874428 
841660 
874432 
858048 
841665 
874436 
841670 
858057 
874443 
841679 
874448 
858064 
858066 
858069 
841685 
874455 
874456 
858072 
874457 
874458 
841690 
858075 
874461 
858079 
841695 
874466 
858083 
841700 
874469 
874472 
841705 
858090 
874477 
841710 
858096 
874484 
841719 
858105 
858108 
874493 
841725 
874495 
874497 
858113 
841730 
858115 
874500 
858117 
874502 
841735 
858120 
874505 
858124 
874509 
858128 
841744 
874513 
858132 
874517 
841754 
858139 
874524 
874528 
841760 
858145 
874532 
858150 
841769 
874539 
874540 
874541 
874542 
858159 
841775 
874545 
858162 
874548 
841780 
858165 
874553 
858170 
874556 
858172 
841789 
858174 
874559 
858176 
874562 
858179 
841795 
874567 
841800 
874570 
858186 
874573 
858193 
841809 
874578 
874579 
874580 
874581 
874582 
858198 
874583 
841815 
874584 
858202 
841820 
874589 
858209 
841829 
874598 
858214 
874603 
841835 
858221 
874606 
841840 
874609 
858226 
858230 
841849 
858234 
841855 
874625 
858241 
841860 
858245 
858249 
874637 
841869 
874639 
858256 
874642 
841875 
874644 
858261 
874646 
841880 
874649 
874650 
874651 
874652 
858268 
874653 
874654 
874655 
874656 
874657 
841889 
874658 
858274 
874659 
874660 
874661 
874662 
858278 
874663 
841895 
874664 
874665 
874666 
874667 
874668 
841900 
874669 
874670 
874671 
874672 
874673 
874674 
874675 
874676 
874677 
841909 
874678 
874679 
874683 
858299 
841915 
874686 
874687 
874688 
841920 
874692 
858311 
841929 
858316 
841935 
874704 
874705 
858323 
841940 
874714 
858330 
841949 
858334 
858338 
874723 
841955 
841960 
858345 
858349 
874735 
858353 
841969 
858357 
874742 
841974 
874745 
841979 
858365 
874750 
858372 
841992 
858386 
842002 
874772 
842007 
874781 
858397 
858401 
842017 
858405 
842022 
858409 
874795 
858416 
842032 
874802 
858420 
842037 
858424 
858428 
842046 
842051 
858437 
842060 
874833 
842065 
858452 
874842 
858458 
842078 
874847 
858465 
858470 
858477 
858479 
858481 
858484 
858486 
874872 
858489 
874879 
858496 
842118 
858504 
842125 
858512 
874897 
842130 
858517 
842135 
874906 
858524 
858528 
874916 
858535 
842151 
874922 
842155 
858540 
842159 
858547 
842166 
858551 
874938 
858555 
858562 
874948 
858566 
874951 
874954 
858570 
858574 
874959 
874961 
874963 
874966 
874968 
874970 
858587 
842203 
874973 
874975 
858595 
874980 
874983 
858599 
842216 
874988 
858606 
858609 
874995 
858611 
874998 
875001 
858618 
875004 
875007 
858625 
875012 
875016 
842248 
875019 
875024 
875025 
842257 
875026 
875027 
858643 
875028 
875029 
875030 
842262 
875031 
858651 
875039 
875040 
842272 
875042 
858660 
842277 
875050 
858666 
858670 
842287 
875058 
858677 
875063 
842296 
858682 
842299 
875070 
858686 
842304 
875075 
858693 
842310 
875080 
858697 
875083 
858701 
842319 
858705 
842322 
858709 
842327 
858716 
842333 
875104 
858721 
875108 
858725 
842342 
875113 
858729 
842345 
858733 
842350 
875120 
875123 
858740 
842356 
875126 
858744 
875129 
858748 
842365 
875134 
875136 
858752 
842368 
875139 
858756 
842373 
875146 
858763 
842379 
875151 
858767 
858771 
842388 
875158 
858775 
842391 
875161 
858779 
842396 
858783 
875168 
842402 
875171 
858790 
875178 
858794 
842411 
858798 
842414 
875183 
842419 
875189 
858805 
858809 
842425 
875194 
858813 
875199 
842434 
875205 
842437 
858823 
842442 
858827 
875215 
842448 
858834 
875219 
858838 
842457 
875226 
858842 
842460 
875233 
858849 
842465 
858851 
875236 
858854 
842471 
858856 
858863 
842480 
875251 
842483 
858870 
875256 
842488 
842494 
875264 
858883 
842503 
875274 
858890 
842506 
858898 
875285 
858902 
842523 
875293 
858909 
842527 
858914 
842530 
875300 
842535 
858921 
842539 
858925 
842544 
858929 
875314 
842550 
858936 
875321 
842555 
875324 
858941 
842560 
858945 
875331 
842565 
875334 
858952 
875337 
875342 
858958 
842574 
858962 
842578 
842581 
875351 
858969 
842586 
842589 
858974 
875359 
842592 
875362 
858978 
842595 
875365 
875366 
858982 
842598 
842601 
875371 
875373 
858989 
842606 
875376 
858995 
842611 
875380 
858999 
842616 
875387 
859003 
875388 
842621 
875390 
859010 
842626 
875395 
859015 
842631 
859019 
859023 
842640 
859027 
842644 
842647 
875418 
859034 
842652 
842655 
859040 
842658 
875428 
859044 
842661 
859048 
842664 
875433 
842667 
875436 
859052 
842672 
875441 
859059 
842677 
859065 
842682 
875452 
859069 
842687 
875457 
859073 
842692 
859077 
859081 
842697 
859085 
842706 
859092 
842710 
859097 
842713 
859101 
842718 
875488 
859105 
842721 
842724 
859109 
875495 
842727 
859113 
842730 
875501 
859117 
842733 
842738 
875507 
859124 
875509 
842743 
875512 
859128 
875516 
859132 
842748 
859136 
875521 
842753 
859140 
842758 
875527 
875529 
859147 
842763 
875532 
859152 
859156 
842772 
859160 
842776 
875545 
842779 
875548 
859164 
859168 
842784 
842787 
842790 
859175 
875560 
842793 
842796 
875565 
859182 
842799 
859187 
875572 
842804 
875575 
859194 
842810 
875582 
859199 
842815 
875585 
859203 
842820 
875590 
875593 
842825 
859210 
875598 
842830 
875601 
859217 
875604 
842839 
875610 
859227 
842843 
875614 
842846 
875616 
875619 
842851 
875622 
842854 
859241 
842857 
875627 
842860 
859246 
875631 
842863 
875633 
842866 
875636 
859253 
875639 
842871 
875644 
859261 
842877 
875648 
859265 
875650 
842882 
875653 
859269 
842887 
875657 
859273 
842892 
859277 
875662 
859281 
842897 
875666 
875668 
875671 
859288 
842906 
875675 
859293 
842910 
875680 
859297 
842913 
875682 
875684 
859301 
842918 
875687 
859305 
842921 
875690 
842924 
875693 
842927 
875696 
859312 
842930 
875699 
859317 
842933 
875704 
859321 
875706 
842938 
875709 
859325 
875711 
842944 
875713 
859329 
875716 
859333 
842949 
875719 
859337 
842954 
875725 
842959 
859344 
842964 
859350 
859354 
875739 
842973 
859358 
875744 
842977 
859362 
842980 
875749 
859366 
875752 
842985 
859370 
875755 
842988 
842991 
875760 
859377 
842994 
842997 
859382 
875767 
843000 
875769 
859386 
875772 
843005 
859390 
875775 
859394 
843011 
875780 
875782 
859398 
843016 
875785 
859402 
875789 
843021 
859406 
875792 
843026 
875797 
859413 
875799 
843031 
875801 
859419 
875804 
875806 
859423 
843040 
875809 
859427 
843043 
875813 
843046 
859431 
875818 
859435 
843051 
875820 
875822 
843054 
859439 
875825 
843057 
875827 
859443 
843060 
875829 
843063 
875832 
859450 
843066 
875835 
875838 
859454 
843071 
859458 
875843 
875845 
843077 
859462 
875847 
875850 
859466 
843082 
875852 
875854 
859470 
843087 
875857 
859474 
875860 
859478 
875863 
843096 
859482 
875868 
875870 
843102 
875873 
859489 
843105 
875875 
843108 
875877 
859493 
843111 
875880 
859497 
875884 
843116 
859501 
875889 
859505 
843121 
875893 
859509 
843126 
875895 
859513 
875898 
843131 
859517 
875902 
859521 
875907 
843140 
875911 
859528 
875913 
843146 
875916 
859532 
843149 
875919 
859536 
843152 
859540 
875925 
859544 
859551 
875937 
859556 
875942 
859560 
843177 
859564 
843180 
875949 
875951 
843183 
859568 
875954 
843186 
859572 
875957 
843189 
875962 
843194 
859579 
875964 
843198 
875967 
875970 
859586 
843203 
875975 
859591 
875977 
843209 
875980 
843214 
875984 
859602 
875987 
859607 
843223 
875992 
875994 
843226 
875996 
843229 
859614 
875999 
843232 
876001 
843235 
876004 
843238 
876007 
859623 
843243 
876012 
859628 
876014 
843247 
876016 
859632 
843250 
876019 
859636 
876021 
843255 
876024 
859640 
876027 
859644 
843261 
876032 
876034 
843266 
859651 
876037 
876039 
859656 
876042 
843275 
859660 
843278 
876047 
859664 
843281 
859668 
843284 
876054 
843287 
876057 
843290 
859675 
876060 
859679 
843295 
876067 
859683 
843299 
876070 
843302 
859687 
876073 
859691 
843307 
876078 
859695 
876081 
843313 
859699 
876086 
843318 
859703 
859707 
876093 
876095 
859711 
843327 
876098 
843330 
876101 
843333 
859718 
843336 
876106 
859723 
843339 
843342 
859727 
876113 
859731 
843347 
859735 
843352 
859739 
843355 
876124 
876125 
859743 
843360 
859747 
843366 
859751 
843371 
859758 
843376 
859762 
876148 
843381 
859766 
876151 
859770 
859774 
843390 
843393 
876162 
859778 
843396 
859782 
843399 
859786 
843402 
876172 
843405 
859790 
843408 
859794 
843413 
876182 
859798 
876185 
843417 
843420 
859805 
843423 
876192 
859810 
843426 
859814 
876199 
843431 
859818 
843437 
876206 
859822 
859826 
843442 
859830 
843447 
859834 
876220 
843452 
876222 
859838 
876225 
859842 
876229 
843461 
859846 
843465 
876235 
843468 
876237 
859853 
843471 
876240 
859857 
843474 
876245 
859861 
843477 
843480 
859865 
876252 
859869 
843485 
876257 
859873 
876258 
843490 
876261 
859877 
843493 
876263 
843496 
876266 
843499 
859884 
843504 
876273 
859889 
859893 
843510 
859897 
876282 
843515 
876285 
859901 
843520 
859905 
876290 
876293 
859909 
843525 
876296 
859913 
843530 
843535 
859920 
876306 
859924 
859928 
843544 
859932 
843548 
843551 
859936 
843554 
876325 
843557 
859943 
843560 
859947 
843563 
876334 
859951 
843568 
859955 
843572 
859959 
843575 
876345 
843578 
843581 
859966 
843584 
843587 
859974 
843592 
859980 
843598 
876370 
843603 
843608 
843613 
876382 
860001 
843618 
843623 
876393 
860009 
876398 
843632 
860017 
843635 
860022 
843638 
876407 
843641 
843644 
860029 
843647 
876416 
860033 
843650 
876421 
860037 
843655 
860044 
843660 
843663 
860048 
843666 
876436 
860052 
843669 
860056 
843672 
843675 
860063 
843680 
876451 
860069 
843685 
860073 
843690 
843695 
876464 
860080 
843700 
876469 
860085 
860089 
843705 
860093 
876478 
843710 
860097 
843715 
860101 
876489 
860108 
843724 
876494 
843728 
876498 
860114 
843731 
860118 
843734 
843737 
860122 
860126 
843742 
843745 
876516 
843748 
860133 
843751 
876521 
860138 
843754 
843757 
860142 
843760 
860146 
843763 
876534 
860150 
843768 
860154 
843773 
860158 
876546 
860162 
843778 
860166 
876551 
843783 
860170 
843788 
860177 
843793 
876564 
860182 
843798 
860186 
843803 
876572 
860190 
860194 
843812 
860198 
843816 
860202 
843819 
860206 
843822 
876593 
860210 
843827 
876598 
843830 
860217 
843833 
843836 
860221 
843839 
876609 
860225 
843842 
860229 
843845 
876614 
860233 
843850 
860237 
843856 
860241 
876626 
876629 
860245 
843861 
860249 
876634 
843866 
876637 
860253 
860257 
843878 
860264 
843881 
860268 
843884 
876654 
860272 
860276 
843893 
860280 
860284 
843902 
860288 
860292 
876678 
860296 
843914 
860300 
876688 
860304 
843921 
860308 
876697 
860315 
860319 
860323 
843940 
860327 
876712 
860331 
860335 
876723 
860339 
843958 
876729 
843961 
860346 
843966 
860351 
860355 
876740 
843972 
860359 
843975 
860363 
843980 
876750 
860367 
843983 
876755 
860371 
843988 
860375 
876761 
860382 
843998 
844001 
876770 
860386 
844004 
860390 
844007 
876779 
844012 
860397 
860402 
844018 
876788 
860406 
860410 
844028 
876798 
844031 
860417 
844034 
876803 
860421 
844037 
844042 
876812 
860428 
876815 
844049 
860435 
876820 
860438 
844055 
860443 
844060 
876829 
860451 
844069 
860456 
844072 
876842 
844075 
844078 
860463 
844081 
844084 
860469 
876855 
844089 
860476 
844093 
844096 
876865 
860481 
860485 
844101 
876870 
844107 
860492 
876879 
860496 
844112 
860500 
876888 
860504 
844121 
844124 
876894 
860511 
844127 
844130 
860516 
844133 
876903 
860520 
844136 
844141 
860527 
876912 
844146 
860532 
844149 
860536 
844154 
860540 
844159 
876930 
860547 
844164 
860552 
844169 
860556 
844174 
876943 
860560 
860564 
844183 
844186 
860571 
844189 
860576 
844192 
844195 
860580 
876966 
844198 
860584 
844201 
876971 
860588 
844204 
876975 
844209 
860595 
844214 
876983 
860600 
876985 
844217 
860604 
844220 
876991 
844223 
860608 
876996 
860612 
844228 
860616 
877001 
844234 
860623 
844239 
877010 
860627 
844244 
860631 
844249 
860635 
844254 
860639 
877025 
860643 
844259 
877030 
860647 
844268 
860654 
844272 
860658 
877043 
844275 
877046 
860662 
844278 
877049 
844281 
860666 
844284 
860670 
844287 
860674 
844290 
877059 
860678 
844295 
877065 
860682 
844299 
844302 
877072 
860689 
844305 
877075 
844308 
860695 
844311 
877080 
844314 
860699 
877085 
844317 
860703 
844322 
860707 
877094 
860711 
844328 
877097 
860715 
844333 
877103 
860722 
844338 
877108 
860727 
844343 
877114 
860731 
844348 
860735 
877121 
844353 
860739 
877126 
844358 
860743 
877130 
860747 
860751 
844367 
860755 
844371 
877140 
844374 
860759 
877144 
844377 
860766 
844382 
877151 
844385 
860771 
877156 
844388 
860775 
844391 
844394 
860779 
877165 
844397 
877167 
860783 
844400 
877170 
860787 
877172 
844405 
860791 
877176 
860795 
844411 
860799 
844416 
877185 
844421 
877190 
860806 
877192 
860810 
860814 
844433 
860818 
844436 
860822 
844439 
877208 
860826 
844444 
860830 
860834 
877220 
877221 
860838 
877224 
860842 
844458 
877229 
860846 
877233 
844465 
844468 
860853 
877240 
877241 
860857 
844473 
844476 
877245 
860861 
877248 
860865 
844481 
877253 
860869 
860873 
844490 
860877 
844493 
877263 
844496 
860881 
877266 
844499 
877268 
860885 
844504 
860889 
877277 
844511 
860896 
860900 
844517 
877287 
860904 
844522 
877291 
860908 
860912 
877297 
844531 
860916 
877302 
844534 
860920 
844537 
844540 
877311 
860927 
844543 
877313 
844546 
877316 
860932 
844549 
860936 
844554 
877324 
860940 
844558 
860944 
877329 
844561 
860948 
844564 
877333 
860952 
844569 
877340 
860956 
877343 
844575 
860963 
877348 
844580 
877349 
877350 
860967 
877352 
844585 
860971 
844590 
877361 
860978 
844595 
877364 
877367 
860983 
860987 
844604 
877375 
860991 
844608 
877378 
844611 
844614 
877383 
877384 
861001 
844617 
877386 
844620 
861005 
844623 
877394 
861010 
844626 
861015 
844631 
877400 
861019 
844635 
877405 
844638 
844641 
861026 
844644 
877414 
861031 
844647 
877417 
861035 
877420 
844652 
877423 
861039 
844658 
861043 
844663 
877433 
861050 
877435 
844668 
861054 
877440 
844673 
861058 
861062 
844678 
877447 
861066 
877451 
861070 
844687 
877456 
877457 
877458 
877459 
844691 
877461 
861077 
844694 
877464 
861081 
844697 
861085 
844702 
877473 
861089 
844706 
861093 
844709 
844712 
861097 
877482 
844715 
844718 
861104 
877489 
844723 
861108 
877493 
861112 
844728 
877498 
861116 
877501 
844733 
861120 
844738 
861124 
877509 
877511 
844743 
861131 
861135 
844752 
877522 
861139 
861143 
844759 
877528 
844762 
861147 
877533 
844765 
861151 
844768 
877537 
861155 
844773 
877544 
861162 
844779 
877550 
861166 
877551 
877552 
844784 
861170 
861174 
877560 
861178 
844796 
877566 
861182 
844799 
877570 
877573 
861189 
861193 
844809 
877578 
861197 
877583 
861201 
844819 
861205 
877592 
844824 
861209 
877595 
877597 
861213 
844833 
861220 
877605 
844839 
861224 
877610 
877611 
861228 
844844 
861232 
861236 
877621 
844853 
861240 
877626 
877627 
844862 
861247 
877633 
844866 
861252 
844870 
861256 
877642 
844874 
861260 
861264 
844881 
877650 
861268 
861272 
844890 
877659 
861279 
877664 
877667 
861283 
877670 
861287 
844903 
877674 
861291 
861295 
877681 
861299 
877689 
877690 
861306 
877691 
877693 
861311 
877696 
861315 
861319 
877704 
844937 
861323 
877709 
861327 
861331 
844948 
877718 
877721 
844953 
861338 
877723 
861342 
844958 
861346 
877731 
861350 
844967 
861354 
877739 
844972 
877742 
861358 
877747 
844979 
877748 
861365 
877750 
844982 
877753 
844985 
861370 
861374 
844990 
877759 
861378 
844995 
877764 
861382 
861386 
845002 
877773 
861390 
845006 
877776 
877778 
845010 
877781 
861397 
861401 
845017 
845020 
861405 
861409 
877794 
861413 
845030 
877799 
861417 
877802 
877803 
877806 
861424 
861429 
845045 
877816 
861433 
845052 
861437 
877823 
877824 
861441 
877827 
845060 
861445 
877830 
861449 
845068 
877839 
845071 
861456 
861460 
845076 
877848 
861464 
877849 
877852 
861468 
845084 
861472 
845088 
861476 
877861 
845095 
845098 
861483 
877871 
861487 
845103 
861491 
861495 
845112 
877881 
861499 
845117 
877886 
861503 
861507 
845124 
845128 
861514 
877899 
845133 
861518 
877903 
845137 
861522 
845141 
877910 
861526 
877913 
861530 
845148 
877918 
861534 
877919 
877920 
877922 
845154 
877925 
861541 
877929 
861545 
845161 
845164 
861549 
845167 
877936 
861556 
845172 
877942 
877943 
877945 
861561 
845177 
877948 
861565 
877951 
845184 
861569 
877956 
845188 
861576 
845192 
877965 
861583 
845199 
877968 
845202 
861587 
845207 
877977 
877980 
861598 
845214 
861601 
877988 
845221 
861606 
877991 
861610 
877996 
845228 
877997 
877998 
861614 
861621 
845237 
878008 
845241 
861626 
861630 
878016 
845248 
878019 
861637 
845255 
878024 
878025 
861641 
878026 
845260 
878029 
861648 
845265 
861653 
878039 
845272 
861657 
878048 
861664 
845281 
861668 
845284 
845289 
861675 
845293 
861680 
845297 
878066 
861684 
845304 
878073 
861691 
845309 
861695 
878080 
845316 
878085 
861702 
845319 
878089 
861707 
845324 
878095 
861711 
845328 
878098 
845332 
861718 
878103 
878104 
878105 
861722 
845339 
878109 
861729 
845345 
878117 
861734 
878120 
845352 
861738 
845355 
878125 
878126 
845358 
878128 
861745 
878131 
845363 
861749 
845368 
878137 
878140 
861756 
845375 
878144 
878145 
861761 
845379 
878148 
861765 
845383 
878152 
878155 
861772 
845390 
878160 
861776 
878161 
845393 
878165 
861783 
845402 
861788 
878173 
878174 
861792 
878179 
861799 
878184 
845416 
878185 
861803 
878193 
861810 
845427 
878196 
861815 
878201 
878202 
861819 
878204 
878207 
845440 
861826 
878213 
845445 
861830 
878216 
845449 
878221 
861837 
878222 
878223 
878224 
845456 
861842 
861846 
845464 
878234 
861853 
845469 
878240 
861857 
845473 
878243 
861864 
845480 
878249 
861869 
878255 
845488 
861873 
878262 
878264 
861880 
845496 
861884 
878271 
861891 
878276 
878279 
861895 
861899 
878285 
845519 
878288 
861906 
878293 
878294 
861910 
878295 
845530 
878299 
845533 
878304 
845536 
861923 
878311 
845544 
878316 
845550 
878321 
845559 
878328 
861945 
845562 
845565 
878335 
845568 
861953 
845571 
878340 
878343 
861960 
845576 
861963 
878348 
845580 
878352 
861968 
845585 
861973 
878359 
845591 
878360 
878363 
878366 
861982 
845600 
861985 
878371 
845603 
878374 
861990 
845606 
861993 
845609 
878379 
878380 
845612 
878381 
878385 
862001 
845617 
845621 
878391 
862008 
845626 
878397 
862015 
845632 
878401 
862020 
845637 
878408 
878410 
862029 
845646 
878416 
845651 
862038 
845654 
878423 
862041 
845657 
862043 
845660 
862046 
862049 
845665 
878435 
862051 
845668 
862054 
845671 
878442 
862058 
845674 
862061 
845679 
862064 
878452 
862069 
845685 
862072 
878457 
845690 
862075 
878462 
862079 
845695 
862082 
845700 
878471 
862087 
878474 
862090 
862093 
845709 
862096 
845713 
878483 
862099 
845716 
862104 
845721 
878491 
862107 
845724 
862110 
845727 
878496 
862113 
845730 
845733 
862118 
878503 
878504 
845736 
862121 
862123 
878508 
845741 
862126 
878513 
862130 
845747 
862133 
878519 
862136 
845752 
862141 
862143 
878528 
878529 
862145 
878531 
862147 
845764 
862149 
845767 
862152 
862155 
862158 
845776 
862161 
862164 
862167 
862172 
862175 
845791 
878560 
862178 
845795 
862181 
878568 
862184 
845804 
878573 
862189 
878576 
862192 
862195 
862198 
862201 
845818 
878587 
862204 
862209 
878596 
862212 
862214 
862217 
862221 
878607 
845839 
862224 
878610 
862227 
878613 
845845 
862232 
845849 
878618 
862234 
862236 
878622 
862238 
862240 
862243 
845860 
878629 
878630 
862246 
878633 
862249 
845867 
862252 
878638 
862255 
862258 
845874 
878643 
862263 
845881 
862266 
878652 
862269 
878656 
862272 
862275 
845891 
878660 
862280 
878665 
845898 
862283 
862286 
862289 
878674 
845906 
862292 
862295 
878680 
845915 
878684 
862300 
878686 
862303 
845920 
878689 
862305 
845923 
862308 
878693 
862312 
845930 
862315 
878700 
845933 
862318 
878705 
862323 
845939 
862325 
845942 
862327 
878712 
878713 
862329 
845945 
878714 
862331 
878717 
862334 
862337 
845953 
878722 
862340 
845956 
878726 
862343 
845961 
862346 
845963 
878733 
862349 
878737 
862354 
862357 
878744 
862360 
878745 
878746 
862363 
862366 
845985 
862371 
845987 
878757 
862374 
845990 
862377 
845993 
878762 
862380 
878765 
845998 
862383 
878768 
846000 
862386 
846003 
878774 
846006 
862391 
862394 
846011 
862396 
846014 
878783 
862399 
878786 
862403 
878789 
862406 
846024 
862409 
878794 
878796 
878798 
862414 
862416 
878801 
862418 
878803 
862420 
878806 
862422 
846039 
862425 
878810 
862428 
862431 
846047 
878817 
862434 
846052 
878821 
862437 
846055 
862440 
878828 
878829 
862445 
878830 
862448 
846064 
878833 
862451 
862454 
846071 
862457 
878844 
862462 
878849 
878850 
862466 
862469 
862472 
878859 
862475 
878862 
862478 
878866 
862483 
846101 
862486 
878871 
862488 
846106 
862491 
862495 
878880 
862498 
878883 
862501 
878888 
862506 
846122 
878891 
862508 
878893 
862510 
878896 
862512 
862514 
862517 
846133 
862520 
862523 
846139 
878908 
878909 
862526 
846142 
878912 
862529 
862532 
878920 
862537 
846153 
878924 
862540 
862543 
846159 
862546 
846162 
878931 
878932 
878933 
862549 
846165 
862554 
878939 
846172 
878942 
862558 
862561 
878947 
862564 
846182 
862567 
878952 
846185 
862570 
846188 
862575 
846191 
878961 
862578 
846194 
878964 
862580 
878966 
862583 
846199 
862587 
846203 
878972 
862590 
846208 
878977 
862593 
878978 
862598 
846214 
862600 
878985 
862602 
846219 
862604 
862606 
878992 
846224 
878993 
862609 
862612 
846229 
878998 
862615 
862618 
862621 
846238 
879008 
862624 
846242 
879011 
862629 
846245 
862632 
846250 
862635 
879020 
846253 
862638 
846256 
879025 
862641 
846259 
879028 
862646 
846262 
846265 
862650 
879037 
862653 
846270 
862656 
879042 
862659 
846276 
862662 
846281 
862667 
879053 
862670 
862672 
846290 
862675 
879061 
846293 
862679 
879065 
862682 
862685 
879072 
879073 
862690 
879076 
862692 
846308 
862694 
862696 
862698 
879085 
862701 
846317 
862704 
879090 
862707 
846324 
862710 
862713 
879100 
862716 
846333 
879105 
862721 
846339 
862724 
862727 
846343 
879113 
862730 
879116 
862733 
846350 
879121 
879122 
862738 
879124 
846356 
862742 
879127 
862745 
846361 
862748 
879133 
846366 
862751 
879137 
862754 
862759 
846375 
879144 
879145 
879146 
862762 
846379 
862764 
879149 
862767 
846383 
879154 
862771 
846387 
862774 
846391 
879161 
862779 
862781 
879166 
846398 
862783 
862785 
862787 
846403 
879173 
879174 
862790 
879175 
846408 
862793 
879178 
862796 
879181 
846413 
862799 
879186 
862802 
846418 
879190 
862807 
879195 
862811 
846427 
862814 
846431 
879201 
862819 
846435 
862823 
846439 
879210 
862826 
879212 
862829 
879214 
846446 
879217 
862834 
879219 
846452 
879222 
862838 
846457 
862842 
862847 
879232 
862849 
846466 
879235 
862851 
862854 
846471 
879240 
862857 
879243 
862860 
879245 
846478 
862863 
879251 
862868 
862871 
862874 
879259 
879263 
862879 
862883 
879270 
862886 
879271 
879272 
862889 
862894 
862898 
862901 
879288 
846520 
862906 
862908 
862910 
879295 
846527 
862913 
879299 
862916 
846532 
846535 
862921 
846538 
879308 
862926 
879311 
846545 
862931 
879316 
846548 
879317 
879318 
862934 
879320 
846553 
862939 
846560 
862945 
879330 
846565 
879336 
862952 
846570 
879340 
862956 
862958 
862960 
862962 
879347 
879348 
846580 
879349 
862965 
846583 
862968 
862971 
846588 
879358 
862974 
862977 
846593 
879366 
862982 
862985 
846602 
862988 
879373 
862991 
846607 
862994 
846612 
862999 
846615 
863002 
863005 
863008 
879395 
863013 
863017 
879403 
863020 
846636 
863025 
863027 
846643 
879413 
863029 
863031 
863033 
846649 
863035 
879420 
863038 
879425 
863041 
846659 
863044 
879430 
846662 
863047 
846665 
863050 
879435 
879436 
846668 
879437 
863055 
846671 
863057 
879442 
863059 
846676 
879445 
863061 
863064 
846680 
879450 
879451 
879452 
863068 
846685 
863071 
879458 
846690 
863076 
879462 
863079 
846695 
863082 
846700 
879469 
863085 
879470 
879472 
846705 
863090 
879475 
863094 
879480 
863097 
846714 
863102 
846718 
863104 
879489 
846721 
863106 
879492 
863108 
863110 
846726 
863112 
879497 
846730 
863115 
879500 
846733 
879502 
863118 
846736 
863121 
846739 
863124 
879510 
863127 
846744 
863132 
879518 
863134 
846750 
879519 
863136 
863138 
846755 
879524 
863141 
879528 
863145 
863148 
846764 
879535 
846767 
863153 
863156 
846772 
879542 
879543 
863159 
879544 
879546 
863162 
879549 
846782 
863167 
879552 
863171 
879557 
863174 
846792 
879562 
863179 
863181 
863183 
846799 
863185 
879571 
863187 
863189 
879574 
879576 
863192 
863195 
846812 
863198 
846816 
863201 
879587 
863204 
846820 
863207 
846824 
879594 
863212 
879598 
863214 
846831 
863216 
863218 
846836 
879605 
863221 
879606 
863225 
846841 
863228 
846846 
879615 
863231 
863236 
863239 
846855 
879626 
863242 
846860 
863245 
863248 
846864 
863251 
846868 
879639 
863256 
863259 
846875 
879646 
863262 
846880 
863265 
879650 
863268 
846885 
879657 
863273 
879658 
846890 
863275 
863277 
879663 
863279 
846895 
863281 
863283 
863285 
879670 
863288 
846904 
863291 
879677 
863294 
846912 
863297 
879682 
863300 
846918 
863303 
863306 
879691 
879692 
863311 
879696 
863313 
846929 
863315 
879701 
863317 
846933 
863319 
863321 
846937 
879707 
863324 
846941 
863328 
879714 
863331 
846948 
879717 
863334 
846951 
863337 
879722 
846954 
846957 
863342 
879727 
879728 
879729 
863345 
846962 
863348 
846966 
879735 
863351 
863354 
879739 
863357 
846973 
846975 
846977 
879746 
863362 
879747 
879748 
846980 
863366 
879751 
846984 
863369 
863372 
846989 
879759 
863375 
879762 
863380 
846997 
863382 
879767 
846999 
863384 
879769 
863386 
847002 
879772 
863388 
879773 
863390 
847006 
863392 
879779 
863395 
847011 
863398 
879783 
863401 
847018 
863404 
847020 
879790 
879791 
863407 
847023 
879792 
863410 
863413 
879799 
847031 
863416 
847034 
879804 
879805 
863421 
863423 
863425 
847042 
863427 
863429 
847045 
863431 
863434 
847051 
847053 
863438 
847056 
863441 
863444 
847060 
863447 
847064 
863450 
879837 
847069 
863455 
847071 
847073 
879842 
863458 
847075 
879845 
863461 
847078 
879848 
863464 
847081 
879851 
863467 
847083 
879854 
863470 
847086 
879857 
863473 
847090 
879860 
863476 
847093 
879863 
847096 
863481 
879866 
863484 
879869 
847101 
863487 
847103 
879872 
847105 
863490 
879875 
847107 
863493 
847109 
879878 
863496 
847112 
879881 
847114 
863499 
879884 
847116 
847118 
879887 
863504 
847120 
879889 
863507 
847123 
863509 
847126 
863511 
879897 
863513 
847129 
863515 
847132 
863517 
847135 
863520 
879907 
863523 
847140 
863526 
847142 
847144 
863529 
847147 
863532 
847149 
863535 
847151 
847153 
863538 
847156 
863541 
879927 
847159 
863546 
847162 
879931 
863548 
879934 
863550 
847167 
863552 
863554 
847170 
879939 
863556 
847172 
863558 
879943 
847175 
863560 
879946 
863563 
879949 
863567 
847183 
879954 
863570 
847186 
863573 
879958 
863576 
879961 
847194 
863579 
879964 
847197 
863582 
879969 
863587 
879973 
847205 
863590 
879976 
863593 
879979 
863596 
847212 
863599 
879984 
863602 
879988 
863605 
879991 
863608 
879994 
863613 
847229 
879999 
863617 
847234 
880003 
863620 
880006 
863623 
880009 
847241 
863626 
863629 
880014 
847247 
863632 
880018 
880021 
863637 
847253 
880024 
863640 
863642 
863644 
880029 
863646 
863648 
847264 
880033 
863650 
847267 
880036 
863653 
847270 
880039 
863657 
847273 
880044 
863660 
847278 
863663 
880048 
863666 
880051 
847284 
863669 
880054 
863672 
880059 
863677 
880063 
863679 
847295 
863681 
863683 
880068 
847300 
863685 
880071 
863687 
847303 
863689 
863691 
880076 
847308 
863694 
880079 
847312 
863697 
863700 
880085 
847317 
863703 
880089 
863706 
880092 
847324 
863709 
863712 
880097 
847329 
863715 
880100 
880103 
863720 
880106 
847338 
863724 
880109 
863727 
847344 
880114 
863730 
847347 
880117 
863733 
847350 
880120 
863736 
847353 
880123 
863739 
880126 
847358 
863744 
880131 
863747 
880134 
863750 
880137 
863753 
880140 
863756 
880143 
863759 
847375 
863762 
880148 
847380 
863765 
880151 
880154 
863770 
847387 
880157 
863773 
863775 
847391 
880160 
863777 
880163 
863779 
847395 
880166 
863782 
847400 
863786 
880171 
847404 
863789 
880174 
863792 
847408 
880177 
863795 
880180 
847412 
863798 
880183 
880186 
863803 
847419 
880189 
863805 
847422 
863807 
847424 
863809 
880194 
863811 
847427 
880197 
863813 
863815 
847431 
880200 
863818 
847434 
880203 
863821 
847437 
880206 
863824 
880209 
847442 
863827 
880212 
847444 
863830 
847446 
880215 
847448 
863833 
847451 
880220 
863836 
847453 
880223 
863839 
847455 
847457 
880226 
847459 
863844 
880229 
847462 
863847 
880232 
847465 
863850 
880235 
847468 
863853 
880238 
847471 
863856 
880241 
863859 
847476 
880246 
863862 
847478 
847480 
880250 
847482 
863867 
880253 
847485 
863871 
847487 
880256 
847489 
863874 
880259 
847492 
863877 
880262 
847495 
863880 
847498 
880267 
863883 
880270 
863886 
847503 
880273 
863889 
847505 
847507 
880276 
847509 
863894 
880279 
863896 
847512 
880282 
863898 
847514 
863900 
847516 
863902 
880287 
847519 
863905 
880290 
847522 
863909 
847525 
880295 
863912 
847530 
863915 
880300 
847532 
847534 
863920 
847536 
880305 
863922 
847539 
863924 
847541 
880310 
863926 
847543 
863928 
880313 
863930 
847546 
880316 
863932 
847549 
863935 
847552 
880321 
863938 
880324 
863941 
847557 
880327 
847559 
863944 
847561 
863947 
880332 
847564 
863950 
847566 
880335 
847568 
880338 
863955 
847571 
880341 
847574 
863959 
880344 
847577 
863962 
880349 
863965 
847582 
880352 
847584 
863970 
847586 
880355 
863973 
847589 
880358 
847591 
863976 
880361 
847593 
863979 
847596 
880366 
863982 
847599 
880369 
847602 
863987 
880372 
880375 
847607 
863993 
880378 
847610 
863995 
880381 
863997 
847613 
847615 
880384 
864000 
847617 
864003 
847620 
880389 
847623 
880392 
864010 
847626 
880395 
880398 
864015 
847631 
880401 
864017 
847634 
880404 
864020 
847637 
880407 
847639 
864025 
847641 
880410 
864027 
847644 
880413 
864030 
847647 
880418 
847650 
880421 
864039 
847655 
880424 
864041 
847658 
880427 
864044 
847661 
880430 
847663 
880433 
847665 
864052 
847668 
880438 
864054 
847672 
880441 
864057 
847675 
864060 
880446 
847680 
880451 
847683 
864069 
847686 
880456 
864072 
847688 
847690 
880459 
864077 
847693 
880462 
847697 
864082 
880467 
864084 
847700 
864086 
880471 
864088 
847705 
880474 
864091 
847707 
880477 
847709 
864094 
847711 
880480 
864097 
847714 
880485 
847717 
864102 
847719 
880488 
864104 
847722 
880491 
864107 
880494 
847726 
880497 
864113 
847729 
880500 
864116 
847732 
880503 
864121 
847737 
880506 
847739 
847741 
880511 
864127 
847743 
864129 
847745 
880514 
864131 
847748 
880517 
864133 
847750 
880520 
864136 
847752 
847754 
880523 
864139 
847756 
880526 
864142 
847759 
864145 
847762 
880531 
847765 
880534 
864150 
864152 
847768 
880537 
864155 
847771 
880542 
864159 
847776 
847778 
880548 
864164 
847780 
864167 
847783 
847785 
880554 
864170 
847787 
880557 
864173 
847789 
880560 
847792 
864178 
880563 
847796 
864181 
847799 
880568 
864184 
880571 
847804 
864189 
880574 
864191 
847807 
880577 
864193 
847810 
864195 
847812 
864197 
880582 
847814 
864199 
847817 
880586 
864202 
847820 
880589 
864205 
847823 
880592 
864208 
880595 
864211 
847828 
864214 
847831 
880600 
847834 
880603 
864219 
847836 
864221 
880606 
847838 
864223 
880609 
864225 
847841 
880612 
864228 
847844 
847847 
864232 
880617 
864235 
847852 
880622 
864240 
847856 
847858 
880627 
864243 
847861 
864246 
880631 
847864 
880633 
864249 
880636 
880637 
864254 
847870 
880639 
880642 
864258 
864261 
880647 
864266 
880652 
864268 
847884 
864270 
864272 
864274 
880660 
864276 
864279 
847896 
864282 
880667 
864285 
864288 
880673 
864291 
880677 
847909 
864294 
880680 
847914 
864299 
880685 
864301 
864303 
847919 
880688 
864305 
847922 
880691 
864308 
847925 
880694 
864311 
880697 
864314 
864317 
847933 
880702 
864322 
847939 
864326 
880712 
847944 
864329 
864332 
880717 
864335 
880720 
847953 
864340 
880725 
847959 
864344 
880729 
847962 
864347 
880732 
847965 
864350 
847968 
880737 
864355 
880740 
864357 
847973 
880743 
864359 
864361 
880746 
864363 
847979 
880749 
864365 
864367 
864369 
880754 
864372 
847988 
864375 
880761 
847993 
864378 
847996 
864381 
880768 
864384 
880771 
864387 
880774 
864390 
848008 
864393 
848010 
880779 
848013 
864398 
880783 
864400 
880786 
864402 
848018 
864404 
864406 
880791 
864408 
848025 
880794 
864411 
880797 
864414 
848032 
864417 
880802 
864420 
880807 
864423 
848039 
848041 
864426 
848043 
880813 
848045 
864431 
880816 
848048 
880819 
864435 
864438 
848054 
864441 
848058 
880828 
864444 
864447 
848065 
880834 
864450 
848068 
880837 
864455 
848071 
880840 
848074 
880843 
864459 
864462 
848079 
864465 
848081 
880851 
848083 
864468 
848085 
864471 
848088 
880858 
848090 
864476 
848092 
880862 
864478 
848094 
864480 
848097 
864482 
880867 
864484 
848100 
864486 
848103 
880872 
864488 
864490 
848106 
864492 
880877 
864495 
848111 
880880 
848113 
880883 
864499 
848116 
864502 
848118 
848120 
864505 
848123 
864508 
880894 
848126 
864511 
864514 
880899 
848131 
864517 
848133 
880902 
848136 
864522 
880907 
848139 
864525 
880910 
864527 
848144 
880913 
864529 
848146 
864531 
880916 
864533 
848149 
864535 
848152 
880921 
864537 
864540 
848157 
880926 
864543 
848159 
880929 
864546 
848162 
880932 
864549 
848166 
880935 
864552 
848169 
864555 
880940 
864558 
848174 
880943 
848176 
864561 
880946 
848178 
864564 
880949 
848181 
848183 
880952 
864569 
848186 
880957 
864573 
848189 
880960 
864576 
848194 
864579 
848196 
864582 
848198 
864585 
848201 
880971 
848203 
864588 
848206 
864591 
880977 
848209 
880980 
864596 
848214 
864599 
848216 
880985 
864602 
848218 
880988 
864605 
848221 
880991 
848223 
864608 
848226 
864611 
880996 
864614 
848230 
880999 
864617 
881002 
848235 
864620 
881005 
848237 
848239 
864625 
848241 
881010 
864627 
848244 
881013 
864629 
848246 
864631 
881016 
848248 
864633 
881019 
848251 
864636 
881022 
848255 
864640 
848258 
881027 
864643 
881030 
864646 
848263 
881033 
848266 
864651 
881036 
848268 
864653 
848270 
881039 
864655 
864657 
848273 
881042 
864659 
848276 
864661 
848278 
881047 
864663 
848280 
881050 
864666 
848283 
881053 
864669 
848286 
881056 
864672 
848289 
881059 
864675 
848292 
881062 
864678 
848295 
881065 
864681 
881068 
848300 
864686 
848302 
848304 
881073 
864690 
848306 
881076 
864693 
848309 
881079 
848311 
864696 
848313 
881082 
848315 
881085 
864701 
848318 
864704 
848321 
881090 
864707 
848324 
864710 
881095 
864713 
848329 
848331 
848333 
864718 
848335 
881104 
848338 
881108 
864724 
848340 
864726 
848342 
864728 
881113 
848345 
864731 
848348 
881117 
864734 
848351 
881120 
881123 
848356 
881126 
864742 
848358 
848360 
881129 
848362 
848365 
881134 
848367 
881137 
848369 
864755 
881140 
848372 
864757 
881143 
848375 
864760 
881146 
848378 
881149 
848383 
881152 
864768 
848385 
864770 
881155 
848387 
864773 
848390 
881160 
864776 
848392 
848394 
881163 
848397 
881166 
864784 
848400 
881169 
848403 
881172 
881175 
848408 
864793 
881178 
848410 
864795 
848412 
881181 
864797 
864799 
848415 
881184 
848417 
864802 
848420 
881189 
864805 
848423 
881192 
864808 
881195 
864811 
848428 
881198 
848430 
864816 
881201 
848433 
864818 
848435 
881204 
864821 
848438 
881207 
864824 
881210 
848443 
881213 
864829 
848446 
864833 
881218 
864836 
881221 
848455 
881224 
864841 
881227 
864845 
881230 
848462 
864850 
881235 
864852 
864854 
864856 
864858 
864860 
881246 
864863 
848480 
881250 
864866 
864869 
881255 
864872 
881259 
864875 
881262 
864878 
881265 
864881 
848499 
881268 
864886 
848502 
881271 
864889 
848505 
864891 
881276 
864893 
848510 
881280 
864896 
881283 
848515 
864900 
881286 
864903 
881289 
848521 
864906 
881292 
864909 
848526 
881295 
881298 
864914 
881301 
864917 
848535 
881304 
864920 
864923 
848539 
881309 
864926 
881312 
848544 
864929 
881315 
848547 
864932 
881318 
848550 
881321 
864937 
848553 
881324 
864940 
848558 
881327 
864943 
881330 
864946 
848563 
881333 
864949 
881336 
864952 
881339 
848572 
864957 
864959 
881344 
864961 
848577 
881347 
864963 
864965 
881350 
864967 
848583 
881353 
864969 
864971 
881356 
848588 
864973 
881359 
864976 
881362 
864979 
848597 
864982 
881367 
848600 
864985 
881370 
848603 
864988 
881373 
848606 
864991 
881376 
864994 
881379 
848611 
864997 
848615 
881384 
865002 
881387 
865004 
848621 
865006 
865008 
865010 
881395 
865012 
865014 
865017 
881403 
865021 
881406 
865024 
848642 
881411 
865027 
848645 
865030 
881415 
865033 
881418 
848652 
865038 
881423 
865041 
881427 
848659 
865044 
881430 
865047 
881433 
848665 
865050 
865053 
881438 
865056 
848672 
881442 
848674 
881445 
865061 
848677 
881448 
848680 
865065 
881451 
865068 
881454 
848686 
865071 
848688 
865074 
848690 
881459 
865077 
848693 
881463 
848696 
881466 
865082 
848699 
865084 
881469 
865086 
848703 
881472 
865088 
865090 
848706 
881475 
865093 
881478 
848711 
881481 
865097 
848713 
848715 
881484 
865100 
848717 
881487 
865103 
848719 
848722 
881492 
865108 
848725 
865110 
881495 
848727 
865112 
848729 
881498 
865114 
865116 
848732 
881501 
865118 
848735 
881504 
865120 
848738 
881507 
865123 
848741 
881510 
865126 
848744 
881513 
865129 
881516 
865132 
848749 
881519 
865135 
848751 
848753 
881522 
865138 
848756 
848758 
881527 
865143 
848760 
881530 
848762 
865147 
881533 
848765 
865150 
881536 
848768 
865153 
881539 
848771 
881542 
865158 
848776 
881545 
865162 
848778 
865165 
848781 
881550 
848783 
865168 
881553 
848786 
865171 
881556 
848791 
865176 
881561 
848793 
865178 
848796 
865181 
881566 
848799 
865185 
881570 
848804 
865190 
848806 
881575 
865192 
848809 
881578 
865194 
865196 
848812 
881581 
865199 
848817 
881586 
865202 
848820 
865205 
881590 
848823 
865208 
881593 
881596 
848828 
865213 
865216 
881601 
865219 
881605 
881608 
865224 
881611 
865227 
865230 
848847 
881616 
865233 
881619 
881622 
865238 
848855 
881625 
881628 
865244 
865246 
881631 
865249 
881636 
848868 
881640 
848873 
881643 
865260 
881646 
881649 
848882 
865267 
881652 
881655 
865271 
848888 
881660 
848892 
865278 
881664 
848897 
881667 
865284 
881670 
848904 
881673 
881676 
865292 
848909 
881679 
881682 
865298 
865300 
848918 
881687 
881690 
865308 
848924 
881693 
865311 
848927 
881696 
848930 
881699 
848933 
881702 
881705 
865322 
848938 
881708 
865324 
881711 
865327 
848944 
881714 
865330 
865333 
848949 
881719 
881722 
848954 
865340 
881725 
881728 
865346 
881731 
848963 
865349 
881734 
848966 
865352 
881737 
848969 
881740 
865357 
848974 
881743 
865360 
848977 
881746 
848980 
865365 
881751 
865367 
848983 
865369 
881754 
865371 
848988 
881757 
865373 
881760 
865376 
848993 
881763 
865379 
881766 
865382 
848998 
881769 
865385 
849003 
881774 
865390 
865392 
881777 
865394 
881780 
849012 
865397 
881785 
865401 
849018 
881789 
849021 
865406 
881792 
849024 
865409 
849027 
865412 
881797 
881800 
849032 
865417 
881803 
865421 
881806 
881809 
865426 
881812 
865428 
849045 
865430 
865432 
881817 
865434 
849051 
881820 
865437 
849054 
881823 
865440 
849057 
881826 
865443 
881829 
865446 
849062 
881832 
849065 
865451 
849068 
881837 
865453 
865455 
849071 
881840 
865458 
881843 
849076 
881846 
865462 
849080 
881849 
865467 
849083 
881852 
865471 
849088 
881857 
865474 
849091 
881860 
881863 
865479 
881866 
865483 
849100 
881869 
881872 
865488 
865490 
865492 
881877 
865494 
849111 
881880 
865496 
865498 
881883 
865501 
881886 
865504 
881889 
865507 
881892 
865510 
849127 
881897 
865513 
881900 
865516 
849134 
881903 
865521 
881906 
865524 
881909 
865526 
881912 
865528 
865531 
881917 
865535 
881920 
849153 
865538 
881923 
865541 
881926 
881929 
865546 
881932 
865550 
849168 
881937 
865553 
881940 
865556 
881943 
865559 
881946 
849178 
865564 
881949 
849183 
881952 
865568 
865571 
849188 
881957 
865574 
881960 
881963 
865579 
865581 
881966 
865583 
849200 
881969 
865585 
849203 
881972 
865588 
865592 
849208 
881977 
865595 
881980 
849213 
881983 
865600 
865602 
849218 
881988 
865604 
865606 
865608 
881994 
865610 
849227 
881997 
865613 
849230 
865616 
882002 
865619 
849235 
882005 
865622 
849238 
865625 
849241 
882010 
882013 
865630 
849246 
882018 
865634 
849251 
882021 
865637 
849256 
882026 
865642 
882029 
865645 
849261 
865648 
882034 
865651 
882037 
849270 
882042 
865658 
849274 
882045 
849277 
865663 
849280 
865665 
882050 
865668 
882053 
849285 
849288 
865673 
882058 
849291 
882061 
849294 
865681 
882066 
849299 
865684 
882069 
849304 
865689 
882074 
882077 
849309 
882082 
849314 
882085 
849319 
849324 
882093 
882094 
865710 
882097 
865713 
882099 
849333 
882102 
865718 
882103 
882104 
865721 
849337 
882107 
882108 
849340 
882109 
849343 
882114 
849346 
882115 
865731 
882117 
882119 
849351 
882121 
865737 
849355 
882124 
849358 
882127 
865743 
882129 
849361 
882132 
849364 
882133 
882134 
865750 
882135 
849367 
882136 
882139 
865756 
849372 
882141 
882143 
849377 
882146 
882148 
865765 
882150 
849382 
882152 
865768 
882154 
849387 
882157 
882158 
882159 
882160 
865776 
849392 
882161 
882162 
882165 
849397 
882167 
882169 
849402 
882172 
882174 
865790 
882176 
882178 
865795 
849411 
882180 
849414 
882183 
882184 
865800 
882185 
849417 
882186 
865802 
882187 
882188 
849420 
865805 
882191 
882193 
849425 
882195 
865811 
849428 
882198 
865814 
849431 
882200 
865817 
882202 
849434 
882204 
849437 
882206 
865822 
849440 
882209 
882210 
882211 
865827 
882212 
882213 
849445 
882214 
865832 
882217 
882219 
849451 
865836 
882221 
865838 
882224 
849456 
865841 
882226 
882228 
865844 
882230 
882232 
849465 
882235 
882236 
882237 
882238 
865854 
882239 
849471 
882240 
849474 
882243 
882245 
882247 
865863 
865865 
882250 
865867 
882252 
865869 
882254 
882256 
865872 
882258 
865875 
849492 
882261 
882262 
865878 
882263 
882264 
882265 
865881 
849497 
882266 
865884 
882269 
882271 
882273 
865889 
849507 
882276 
865892 
882278 
865895 
882280 
849512 
882282 
865899 
882284 
865902 
882287 
882288 
882289 
882290 
849522 
882291 
865907 
882292 
882295 
865911 
849527 
882297 
865914 
882299 
865917 
882302 
882304 
865920 
849536 
882306 
882308 
865925 
849541 
882310 
865928 
882313 
882314 
849546 
882315 
865931 
882316 
882317 
882318 
865934 
882320 
882322 
865939 
882324 
849556 
865941 
882327 
865943 
849559 
882329 
865945 
882331 
865948 
849564 
882333 
882335 
865952 
882338 
849570 
882339 
865955 
882340 
882341 
882342 
849575 
865960 
882345 
865962 
882348 
865964 
882350 
865966 
882352 
865968 
849584 
865970 
882355 
882356 
849588 
882357 
865973 
882358 
882360 
865976 
849593 
882363 
865979 
882365 
849597 
865982 
882368 
882369 
865985 
849602 
882372 
865990 
882375 
882376 
849608 
882378 
865994 
882380 
865997 
849613 
882382 
882385 
866002 
849618 
882388 
866005 
882390 
866008 
882393 
882394 
882395 
866011 
849627 
882396 
882397 
882399 
849631 
882401 
866017 
849634 
882403 
866019 
882405 
866022 
849639 
882408 
882410 
849642 
882412 
849645 
882414 
866032 
849648 
882417 
882418 
882419 
849651 
882420 
866036 
882421 
882423 
849656 
882425 
882427 
882429 
866045 
849661 
882432 
882434 
849666 
866051 
882436 
882438 
849671 
882441 
882442 
882443 
882444 
866060 
849676 
882445 
882447 
866063 
882449 
849681 
882451 
866067 
882453 
882456 
866072 
849690 
882459 
866075 
882461 
849694 
882463 
866080 
849697 
882466 
882467 
882468 
866084 
849700 
882469 
882470 
882471 
866088 
882473 
849705 
882475 
849708 
882477 
882479 
866095 
849711 
882481 
866097 
849714 
882483 
866100 
866101 
849717 
882486 
866102 
882488 
849720 
882490 
866106 
882492 
849725 
882494 
882496 
866113 
849730 
882499 
882500 
866116 
882501 
882502 
882503 
866119 
849735 
882504 
882505 
882507 
866124 
849740 
882509 
866125 
866126 
882511 
866128 
882513 
849745 
882515 
866131 
882517 
849750 
882520 
866137 
882523 
849755 
882525 
866141 
882527 
882529 
882531 
866148 
849764 
882534 
882535 
866151 
849767 
882536 
866152 
882537 
882538 
849770 
882539 
882540 
866156 
882541 
849773 
882543 
849776 
882545 
866161 
882547 
849779 
882549 
882551 
849784 
882553 
866169 
882555 
849787 
882558 
849790 
882560 
849793 
882562 
866178 
882564 
849796 
882566 
866183 
849799 
882568 
882570 
849802 
882572 
866190 
882575 
849807 
882576 
882577 
882578 
866194 
882579 
882580 
849812 
882581 
882582 
866198 
882583 
882585 
849817 
882587 
882589 
866205 
849822 
882591 
866208 
882593 
882595 
849827 
882597 
866213 
866214 
866215 
882600 
866216 
849832 
882602 
866219 
882604 
849837 
882606 
866222 
882608 
866225 
882610 
849842 
882612 
882614 
866230 
882617 
882618 
866234 
882619 
849851 
882620 
882621 
866237 
882622 
882623 
849855 
882624 
882625 
866242 
849858 
866243 
882628 
866244 
866245 
849861 
882630 
866246 
866247 
882632 
866248 
849864 
866249 
882634 
849867 
882636 
866252 
849870 
882639 
866255 
882641 
866258 
882643 
849875 
882645 
849878 
882647 
866263 
882649 
849881 
882651 
866267 
849884 
882654 
866270 
882655 
849887 
882656 
882657 
882658 
849890 
882659 
866275 
882660 
866276 
882661 
866277 
849893 
866278 
882663 
866279 
866280 
849896 
882665 
866281 
866282 
882667 
882669 
866285 
849901 
882672 
866288 
882674 
866291 
849907 
882676 
882678 
882680 
866296 
849912 
882682 
866299 
882685 
849917 
882686 
866302 
882687 
882688 
882689 
882690 
849922 
866307 
866308 
882693 
866309 
866310 
882695 
866311 
849927 
866312 
882698 
882699 
849932 
882702 
882705 
882709 
849941 
866326 
849945 
882714 
882715 
849948 
882717 
882719 
866335 
849953 
882722 
866338 
882724 
849956 
882727 
849959 
882728 
882729 
849962 
882731 
882733 
866349 
849965 
882736 
866352 
849968 
882739 
849973 
882742 
882743 
866359 
882744 
882745 
866362 
882747 
849979 
882749 
882751 
849984 
882753 
866369 
882756 
882758 
866374 
882760 
882762 
849994 
882765 
849997 
882766 
882767 
882768 
866384 
882769 
850002 
882771 
866387 
882773 
850005 
882775 
882777 
866393 
882780 
882783 
866399 
882785 
882787 
850019 
882790 
882791 
882792 
866408 
882793 
882794 
866410 
882795 
866412 
850028 
882797 
866414 
882799 
850031 
882801 
866417 
850034 
882803 
866420 
882805 
850037 
882807 
866423 
882810 
866426 
850042 
882813 
866429 
882815 
850048 
882817 
866434 
882819 
882821 
866437 
850054 
882824 
866440 
882825 
882826 
882827 
850059 
882828 
866444 
882829 
882830 
882831 
866447 
850064 
882833 
882835 
866452 
882837 
882839 
866456 
882841 
850073 
882843 
866459 
882845 
850077 
866462 
882847 
850080 
866465 
882850 
850083 
882852 
882854 
866470 
850086 
882856 
866473 
850089 
882858 
882860 
866476 
882862 
850094 
866479 
882864 
882866 
850098 
866484 
882869 
850101 
882870 
866486 
882871 
882872 
866488 
850104 
882873 
882874 
866490 
882875 
850107 
882876 
882877 
866493 
882878 
882880 
850112 
866497 
882882 
882884 
866500 
882886 
850118 
882889 
866505 
882891 
866507 
850123 
882893 
866509 
882895 
866511 
850128 
882897 
866513 
882899 
866515 
850133 
882902 
866518 
882903 
882904 
882905 
866521 
882906 
850138 
882907 
866524 
882910 
866527 
850143 
882912 
866530 
882915 
882916 
850148 
866535 
882920 
866539 
882925 
850157 
882926 
866542 
882928 
850161 
882930 
866547 
850164 
882933 
866550 
850167 
882936 
866553 
850170 
882939 
882940 
866556 
882941 
850173 
882942 
882944 
850176 
882946 
882948 
866564 
850181 
882950 
866566 
882952 
850184 
866569 
882955 
850187 
866572 
882958 
850190 
882960 
850193 
882962 
882964 
866580 
850196 
882967 
850199 
882968 
882969 
882970 
850202 
882971 
882972 
866588 
882973 
850205 
882975 
882977 
850210 
882979 
882981 
882983 
866599 
850215 
882985 
882987 
866603 
850220 
882990 
866606 
882992 
850225 
882994 
866611 
882996 
882998 
850230 
866615 
883000 
883002 
866619 
850235 
883005 
883006 
883007 
883008 
850240 
883009 
883010 
866626 
883011 
883012 
866628 
850245 
883014 
866631 
883016 
866632 
866633 
883018 
850250 
883020 
866637 
883023 
850255 
883025 
866641 
883027 
883029 
883031 
866648 
850264 
883033 
866651 
883036 
850268 
883037 
883038 
866654 
883039 
850271 
883040 
883041 
850274 
866659 
883044 
866660 
866661 
850277 
883047 
866664 
850280 
883049 
866666 
883051 
850283 
866669 
883054 
850286 
883055 
883056 
883057 
866673 
850291 
883060 
866676 
850294 
883064 
866681 
850297 
883066 
850300 
883069 
866685 
850303 
883073 
866689 
883074 
850306 
883075 
883077 
866693 
850309 
883079 
850312 
883081 
850315 
883084 
866700 
883086 
866702 
850318 
883088 
866704 
883091 
866707 
850323 
883092 
866708 
883093 
866709 
883094 
866710 
866711 
883096 
850329 
883098 
866714 
883100 
866717 
850334 
883103 
883105 
866722 
883107 
850339 
883110 
883111 
866727 
883112 
850344 
883113 
883115 
883117 
850349 
866734 
883119 
866736 
883121 
850354 
883123 
866739 
866740 
866741 
883126 
866742 
850359 
883128 
866745 
883130 
883132 
866748 
850364 
883134 
883137 
866753 
883138 
883139 
883140 
866756 
883141 
850373 
883142 
866759 
883144 
850377 
883146 
883148 
866764 
850380 
866765 
866766 
883151 
866767 
850383 
866768 
883153 
850386 
883155 
883157 
850389 
883159 
866776 
850392 
883162 
883163 
883164 
883165 
866781 
850397 
883166 
850400 
883169 
866785 
850403 
883172 
866788 
883173 
850406 
866793 
850409 
883179 
883180 
850412 
866797 
850415 
883184 
866800 
850418 
883188 
866805 
883191 
850423 
866808 
883194 
850428 
883197 
866813 
883200 
866816 
850433 
883203 
883205 
866821 
850438 
866823 
883208 
866825 
883211 
866827 
850443 
883212 
883214 
866830 
850448 
883217 
866833 
883220 
866836 
883221 
850453 
883223 
883225 
866841 
883227 
866843 
883230 
866846 
850462 
883233 
850466 
883235 
866852 
850469 
883238 
883239 
866855 
883240 
883241 
883242 
850474 
883244 
866860 
850477 
883246 
883248 
850480 
866866 
883251 
850483 
866868 
883253 
866870 
850486 
883255 
866872 
883257 
850489 
883259 
866875 
883262 
866878 
850494 
883263 
883264 
883265 
866881 
883267 
866884 
850500 
883273 
866889 
850505 
866892 
883278 
866895 
883281 
866898 
850514 
883284 
866901 
850517 
866906 
883292 
866909 
883294 
866912 
883298 
866915 
883301 
850533 
883304 
866920 
883306 
883308 
866924 
883310 
866927 
883312 
850546 
883315 
866932 
883318 
866934 
850551 
883320 
866937 
883323 
883324 
883325 
850557 
883326 
883327 
866943 
883329 
866945 
883331 
866947 
883333 
866949 
850566 
883336 
866952 
850569 
883338 
866955 
883340 
850572 
883342 
866958 
850575 
883344 
883347 
866963 
883348 
850580 
883349 
883350 
850583 
883353 
866969 
850586 
883356 
866972 
883357 
850591 
883361 
883364 
850597 
866984 
883369 
850602 
883372 
883375 
850607 
866993 
883378 
883383 
883384 
850616 
883385 
883386 
867002 
883387 
850619 
883388 
883389 
850622 
867009 
850625 
883394 
883395 
867011 
850628 
883397 
867014 
850631 
883400 
867017 
883402 
850634 
867020 
883405 
850637 
883406 
883407 
883409 
850642 
883411 
867027 
883414 
850646 
883416 
867033 
850649 
883419 
883420 
850652 
883421 
867037 
883423 
850655 
867040 
883425 
883427 
850660 
867045 
883430 
867048 
883433 
850666 
883435 
867053 
883438 
883439 
867055 
850671 
883440 
883441 
883442 
867058 
883444 
850676 
883447 
883449 
867065 
850681 
883451 
867067 
867069 
883454 
850686 
883455 
867071 
867074 
850691 
867077 
883463 
867080 
850696 
867085 
867088 
883473 
850705 
867093 
850709 
883480 
867096 
850712 
867099 
850715 
850718 
867104 
850721 
850724 
883494 
850727 
883497 
850730 
867115 
883500 
850733 
883503 
850738 
850742 
867127 
867129 
850745 
883514 
867132 
850748 
883519 
867135 
850751 
883521 
867138 
850754 
883524 
850757 
883528 
850760 
883529 
867145 
883530 
850763 
883532 
883535 
867151 
850768 
883537 
883539 
867155 
850773 
883542 
867158 
883543 
883546 
850778 
867163 
883548 
867166 
883551 
850783 
883555 
867171 
883556 
850788 
883557 
867173 
883559 
867175 
883561 
850793 
867178 
883564 
883566 
867182 
850798 
883568 
883571 
867187 
850803 
883572 
883573 
867189 
883574 
867191 
850808 
867193 
883578 
867196 
883581 
850813 
867199 
883586 
867202 
850818 
883590 
867207 
850823 
883593 
867211 
883598 
883599 
883600 
867216 
850832 
883601 
883602 
883603 
883604 
867220 
850836 
883605 
850839 
883608 
867225 
850842 
883613 
850845 
883616 
867232 
850848 
883617 
883618 
850851 
867237 
867238 
850854 
883623 
883625 
867241 
850857 
867244 
850862 
883633 
867249 
850865 
883634 
883636 
850868 
867253 
883639 
850871 
883641 
867257 
850874 
883644 
883645 
850877 
883646 
867264 
850880 
883649 
867265 
867266 
867267 
850883 
883652 
867269 
883654 
850886 
867271 
883656 
850889 
867274 
883659 
883660 
850892 
883661 
883662 
850895 
883664 
867281 
883666 
850900 
883669 
883671 
883673 
867290 
850906 
883676 
883677 
883678 
883679 
850911 
883681 
867297 
883684 
867300 
850916 
883686 
867303 
883688 
867305 
850921 
883691 
883692 
867308 
883694 
850926 
867311 
867314 
850931 
883700 
867319 
850936 
883705 
883708 
867325 
850941 
883711 
883714 
867334 
850950 
883720 
867336 
883721 
850953 
867338 
850956 
883725 
867341 
867343 
850959 
883729 
883730 
867346 
850962 
883731 
850965 
883734 
867350 
883737 
867354 
850970 
883740 
850973 
883743 
883744 
850976 
883745 
867361 
883746 
850979 
883749 
867366 
850982 
883751 
883753 
850985 
883756 
850988 
867373 
867374 
883759 
867375 
850991 
867376 
883761 
883763 
867379 
850996 
883766 
883767 
883768 
867384 
883769 
883770 
851002 
883771 
867387 
883773 
867390 
883775 
851007 
883777 
883779 
867395 
851012 
883781 
867399 
883784 
851017 
883786 
867403 
883788 
883790 
883792 
883794 
867410 
851026 
883797 
867413 
883798 
851030 
883799 
867415 
883800 
883801 
851033 
883802 
867418 
883803 
867419 
867420 
883805 
851038 
883807 
883809 
867425 
851041 
883812 
851044 
867429 
883814 
851047 
883816 
883818 
883820 
867436 
851052 
883823 
883824 
883825 
867441 
851057 
883826 
883827 
883829 
867445 
851062 
883832 
883834 
867452 
883837 
867453 
867454 
867455 
867456 
883842 
851074 
867459 
851077 
867462 
851080 
883849 
883851 
867467 
883854 
883857 
867476 
883862 
867479 
851095 
883864 
883867 
883870 
867488 
851104 
883875 
883877 
851109 
883880 
867496 
883881 
883882 
851115 
883887 
867504 
883892 
851125 
867510 
851128 
867515 
883901 
851133 
867519 
883904 
883907 
867523 
851139 
883908 
883912 
867528 
883914 
867530 
851148 
883917 
867533 
883918 
883919 
851151 
867536 
883921 
867539 
883924 
851156 
883926 
851159 
867544 
883929 
883930 
883931 
867547 
851164 
883933 
867550 
883935 
851169 
883938 
867555 
883940 
883942 
851174 
867559 
883945 
883946 
867562 
883947 
851179 
883948 
883951 
867567 
883953 
883955 
867571 
851188 
883958 
867575 
851192 
883961 
883963 
867580 
883965 
851197 
867582 
883968 
867584 
851200 
883969 
883970 
883971 
867587 
851203 
883972 
883973 
867590 
851206 
883976 
867593 
883978 
851211 
883980 
867596 
883982 
883985 
867601 
851217 
883988 
867604 
883990 
851222 
867607 
883992 
883994 
851227 
867612 
883997 
883998 
883999 
884000 
867616 
851232 
884001 
884002 
884003 
867619 
884006 
867622 
884008 
851241 
884010 
867627 
884012 
851245 
884014 
867630 
851248 
884017 
867633 
851251 
884020 
867637 
884022 
884024 
867640 
851256 
884026 
851259 
884028 
867645 
851262 
884031 
867647 
884032 
884033 
867649 
851265 
884034 
884035 
884036 
867652 
851268 
884037 
884038 
867655 
884040 
851273 
884042 
867658 
884044 
867661 
884046 
851279 
884048 
884050 
867666 
884052 
851284 
867669 
884055 
867672 
884057 
851289 
884059 
867675 
884061 
851294 
884063 
867680 
884065 
884067 
867683 
851299 
884069 
867686 
884072 
884073 
867689 
884074 
884075 
884076 
851308 
884077 
884078 
867694 
884079 
851311 
884080 
867696 
884082 
851314 
867699 
884084 
851317 
884086 
851320 
884089 
867705 
884091 
867707 
851323 
884093 
867709 
851326 
884095 
867711 
884097 
851329 
867714 
884100 
884101 
867717 
884102 
851334 
884103 
867720 
884105 
851337 
884108 
851340 
867725 
851343 
884113 
884114 
851346 
867731 
884116 
851349 
884118 
867734 
851352 
884121 
867739 
884124 
851357 
884127 
884128 
884129 
884130 
851363 
884132 
867748 
884134 
884136 
867752 
851368 
884138 
884140 
851373 
884142 
867759 
884145 
851378 
867763 
884148 
884150 
851383 
884152 
867768 
867769 
884154 
884156 
851388 
867773 
884159 
884160 
884161 
851393 
884162 
884163 
884164 
884165 
867781 
884166 
884169 
851402 
884171 
884173 
851405 
884175 
867791 
851408 
884177 
884179 
867795 
851411 
884181 
851414 
884184 
851417 
867802 
884187 
851420 
884189 
884191 
867807 
851423 
884193 
851426 
884195 
884197 
851429 
867814 
884199 
867816 
851432 
884202 
884203 
867819 
851435 
884204 
867820 
884205 
867821 
884206 
884207 
884208 
851440 
884209 
867825 
884210 
884211 
851444 
867829 
884214 
851447 
884216 
884218 
851450 
884220 
867836 
851453 
884222 
867839 
884224 
851456 
884226 
867842 
851459 
884228 
851462 
884231 
867847 
867848 
867849 
851465 
884234 
867851 
884236 
884238 
867854 
851470 
884240 
867857 
884242 
851475 
884244 
867860 
884246 
884248 
851480 
867865 
884251 
884252 
884253 
851485 
884254 
884255 
867871 
884256 
884257 
884258 
851490 
884259 
884260 
884261 
884263 
851495 
867880 
884265 
867882 
884267 
867884 
851500 
884269 
884271 
867887 
884273 
867889 
851505 
884275 
884278 
851510 
884280 
884282 
851515 
884284 
884286 
884288 
851520 
884290 
884292 
867908 
851525 
884295 
884296 
884297 
884298 
867914 
884299 
884300 
884301 
884302 
851534 
884303 
884305 
851538 
884307 
884309 
851541 
884312 
851544 
867929 
884314 
851547 
884316 
884318 
851550 
884320 
851553 
867938 
884323 
884324 
851556 
884325 
884326 
867943 
851559 
884328 
884331 
867948 
851564 
851567 
884336 
884338 
851570 
867956 
851573 
884343 
884344 
851576 
884346 
867962 
851579 
884348 
867965 
851582 
884351 
867968 
851585 
884354 
851588 
884357 
867973 
884358 
884359 
851591 
884360 
867976 
884362 
851594 
884364 
867981 
851597 
884366 
884368 
867985 
884370 
851602 
884372 
867990 
884375 
851608 
884378 
867994 
884380 
851613 
884382 
867998 
884384 
884386 
851618 
868003 
884389 
868005 
884390 
884391 
851623 
884392 
868008 
884393 
884394 
884395 
868011 
884396 
851628 
884398 
868014 
884400 
851633 
884402 
868019 
884404 
884406 
868022 
851638 
884408 
868025 
884410 
851643 
884412 
884414 
868030 
884416 
868034 
884419 
851652 
868037 
884422 
884424 
851656 
884426 
868042 
851659 
884428 
868044 
884430 
868046 
851662 
884432 
868048 
851665 
884434 
868051 
884436 
884438 
868054 
851670 
884441 
868057 
851673 
884442 
884443 
884444 
868060 
851676 
884445 
884446 
884447 
868063 
851679 
884448 
884449 
884450 
851682 
884451 
884452 
868068 
851685 
884454 
868071 
884456 
851688 
868073 
884458 
851691 
884460 
868076 
884462 
884464 
868080 
851696 
884466 
868083 
884468 
884470 
868086 
851702 
884473 
884475 
868091 
851707 
884477 
884479 
868095 
851712 
884481 
868098 
884483 
884485 
868101 
851717 
884487 
868104 
884489 
884491 
884493 
868109 
851726 
884496 
868112 
884497 
851729 
884498 
884499 
868115 
884500 
884501 
884502 
868118 
851734 
884503 
884504 
884505 
868121 
851737 
884506 
884508 
851740 
884510 
868126 
851743 
884512 
868129 
884514 
868131 
884516 
851748 
868133 
884519 
868135 
884521 
868138 
884523 
884525 
868142 
884527 
884529 
868145 
851762 
884531 
868148 
884534 
884535 
868151 
884536 
851768 
884537 
884538 
868154 
884539 
884540 
851772 
884542 
868159 
884544 
868161 
851777 
884546 
868163 
884549 
868165 
884551 
868167 
851783 
884553 
868169 
884555 
868172 
851788 
884558 
884559 
868175 
884560 
884561 
851793 
884562 
868178 
884565 
868181 
884567 
868184 
884570 
851802 
884571 
868187 
851805 
868190 
884576 
851808 
884579 
868195 
851813 
884582 
868198 
851816 
884585 
868201 
851819 
884588 
868204 
884589 
851822 
868207 
884592 
868210 
884595 
851827 
868213 
884598 
851832 
884601 
884602 
868218 
884603 
884604 
851837 
868222 
884607 
884609 
868225 
851842 
884612 
868228 
884614 
868231 
851847 
884616 
884618 
868234 
884621 
868237 
884622 
884623 
884624 
851856 
884625 
868242 
884627 
868244 
851860 
884629 
868246 
884631 
851863 
868248 
884633 
868251 
884636 
851868 
884639 
868255 
851871 
884641 
868258 
851874 
884643 
851877 
884646 
884647 
868263 
884648 
851880 
884649 
868265 
884650 
884651 
868267 
884653 
868269 
851885 
884655 
868271 
884657 
868273 
884659 
851891 
868276 
884661 
884663 
868279 
851896 
884666 
868282 
884669 
868285 
851901 
884671 
868288 
884673 
851906 
884675 
884677 
868293 
851911 
884680 
884681 
868297 
884682 
884683 
884684 
868300 
884685 
884686 
884687 
851920 
884689 
868305 
884691 
851923 
868308 
884693 
851926 
884695 
868311 
884697 
851929 
868314 
884699 
884701 
851934 
884703 
868319 
884705 
868321 
851937 
884707 
868324 
851940 
884710 
851943 
884713 
868330 
851946 
884715 
868332 
884717 
851949 
884719 
868335 
884721 
851954 
884723 
884725 
868341 
884727 
851960 
884729 
868346 
884732 
884733 
851965 
884734 
884735 
868351 
)

// ************************************************************************* //
